B	CD4Tconv	CD8Tex	Endothelial	Fibroblasts	Malignant	Mast	Mono.Macro	Myofibroblasts	Plasma	Tprolif
spot_1	0.0345636736529066	0.338348251034594	0.170183202913306	0	0.456904872399193	0	0	0	0	0	0
spot_2	0.0205947626850679	0.149593102549283	0.0105111952584527	0	0	0.559135565738807	0	0.260165373768391	0	0	0
spot_3	0	0.177925190447535	0.211103535132077	0	0	0.0939622309183757	0	0.0582253003407517	0.458783743161261	0	0
spot_4	0	0.0282393692023466	0.007567119900975	0	0	0.864051009839241	0	0	0	0	0.100142501057438
spot_5	0	0	0	0	0	0.982266243034006	0	0	0	0.0177337569659943	0
spot_6	0	0	0	0.951600935726699	0.0366266585399476	0.0117724057333531	0	0	0	0	0
spot_7	0	0.0115776356143495	0	0	0	0.988422364385651	0	0	0	0	0
spot_8	0	0.361459818962243	0.0392324928098148	0.0596617736687734	0	0.329270063666596	0	0	0	0.210375850892573	0
spot_9	0	0.00720352243085117	0.00263234410376449	0	0.12318389409206	0	0	0.866980239373324	0	0	0
spot_10	0	0	0	0	0.926095126385272	0	0	0	0.0739048736147283	0	0
spot_11	0	0.0707077320620502	0.0308735456925289	0	0.327216486540226	0.272338555123963	0.241422155212106	0.0574415253691265	0	0	0
spot_12	0.195809602311016	0.287385123197752	0.0485142868954794	0.0182670134768312	0.0207561645433543	0	0	0	0.0850524263113995	0.344215383264167	0
spot_13	0	0.0647079089157286	0.0330176510638779	0.138204030969379	0.00580401442166897	0	0	0.758266394629346	0	0	0
spot_14	0.148944866537889	0.0284107961029735	0.0705258445322298	0	0	0	0	0.752118492826907	0	0	0
spot_15	0	0.00694649801456148	0	0.941104814564387	0	0	0	0	0.0519486874210506	0	0
spot_16	0	0.0305781570855002	0.0596861239933304	0	0	0.868664271486955	0	0.0121267708588205	0	0.0289446765753938	0
spot_17	0	0.0192154002489972	0	0	0	0.867918884028549	0	0	0	0.112865715722455	0
spot_18	0	0	0	0	0.0468007822617353	0	0	0.953199217738265	0	0	0
spot_19	0	0.0122613602878522	0	0	0	0.987738639712148	0	0	0	0	0
spot_20	0	0	0	0	0.988353207444522	0.0116467925554778	0	0	0	0	0
spot_21	0	0	0	0.272823430551585	0	0.622097627718813	0	0	0.105078941729602	0	0
spot_22	0	0.0682459837877503	0.00132999283346292	0	0.496040071503939	0.434383951874848	0	0	0	0	0
spot_23	0	0.024432197351383	0.00701056362988043	0.848682812983717	0.0218816099245682	0.0979928161104512	0	0	0	0	0
spot_24	0	0.292777177892758	0.048152153457177	0	0.634414005332803	0.019023772133125	0	0	0	0	0.00563289118413726
spot_25	0	0.0423520249263787	0	0	0	0.957647975073621	0	0	0	0	0
spot_26	0.142474844312399	0.00705791643674396	0.0120513860708449	0	0	0.838415853180012	0	0	0	0	0
spot_27	0.00823109240003044	0.260102705270132	0.616638231196904	0	0	0.085385896295684	0	0	0.0296420748372491	0	0
spot_28	0	0.0605610012439022	0.024077190555417	0	0.702691791417373	0.0121026336792569	0	0.188480995675493	0	0	0.0120863874285583
spot_29	0	0.0546065591266745	0.018233015577795	0	0.893343268146142	0	0.033817157149389	0	0	0	0
spot_30	0.00982049753956927	0.0724039976573284	0.016918884599201	0	0	0	0	0.867160950803769	0	0.0336956694001319	0
spot_31	0.0600656205540285	0.120255263746014	0.238316526630373	0	0	0	0	0.581362589069585	0	0	0
spot_32	0	0.144103312852327	0.0236056191024699	0	0.832291068045204	0	0	0	0	0	0
spot_33	0	0	0	0.748162611166607	0.229734569569321	0.00851292974491428	0	0	0.0135898895191586	0	0
spot_34	0.0114748295507362	0.0290904162418883	0	0	0	0.277059790664377	0	0.679967302290562	0	0	0.00240766125243668
spot_35	0	0.00546934939173453	0.196902455474356	0	0.232596657617033	0	0	0.543545402433964	0	0.0214861350829131	0
spot_36	0.0180209300848747	0.518561482028433	0.0826096209061812	0	0	0.216331954531016	0	0	0	0.164476012449495	0
spot_37	0	0	0	0.026657946922731	0.00885394189817678	0.456183189254176	0	0.508304921924916	0	0	0
spot_38	0	0	0	0.855261316319718	0.107736203427999	0.0129061065397161	0	0	0.0240963737125665	0	0
spot_39	0.0182057147712656	0	0	0	0	0.981794285228734	0	0	0	0	0
spot_40	0	0	0	0	0.0466048663726854	0.890430964177537	0	0.0629641694497778	0	0	0
spot_41	0	0	0	0.337943463066259	0.0226766606110059	0.201669925830742	0	0	0.437709950491993	0	0
spot_42	0.00721304720957746	0	0	0.720584777695719	0.0662052733522003	0.199516767072591	0	0	0.00648013466991202	0	0
spot_43	0.0126618970225429	0.146362577152442	0	0	0	0.0263097502585525	0	0	0	0.814665775566462	0
spot_44	0.0580735135030469	0.0618628023926966	0.431758344942056	0	0	0	0	0.4483053391622	0	0	0
spot_45	0	0	0	0	0.993290565500055	0.00670943449994462	0	0	0	0	0
spot_46	0.337190469568757	0.357348001549901	0.118801754891504	0	0	0.0172295421311254	0	0	0	0.169430231858713	0
spot_47	0	0.00457003983947479	0	0	0.148526202448226	0	0	0.830092923989584	0	0.0168108337227142	0
spot_48	0.0233504391703442	0.240262835813552	0.0417501509213953	0	0.0438158768520348	0.631348305381522	0	0	0.0194723918611512	0	0
spot_49	0	0.00698308039561866	0	0.879784411833809	0	0.113232507770572	0	0	0	0	0
spot_50	0	0.0153635559244553	0.0124716508346999	0	0	0.972164793240844	0	0	0	0	0
spot_51	0	0	0	0	0	0.97540362133739	0	0	0	0.0245963786626102	0
spot_52	0.0286648181448858	0	0	0.752059161397788	0.190809207342213	0.0284668131151137	0	0	0	0	0
spot_53	0	0	0	0	1	0	0	0	0	0	0
spot_54	0	0.00992877259193787	0	0.472648697042626	0	0.517422530365436	0	0	0	0	0
spot_55	0	0.0274372908149808	0	0	0	0.688497987313767	0	0.284064721871252	0	0	0
spot_56	0	0.00550317261974193	0.111924785677225	0	0.0637172819974549	0.0829664486239158	0	0.735888311081662	0	0	0
spot_57	0.0191126402804001	0.0144864789458793	0	0	0.955134607845183	0	0	0	0	0.00854082205577941	0.00272545087275803
spot_58	0	0.0217009725077825	0	0	0	0.968216544595385	0	0	0	0	0.0100824828968335
spot_59	0	0	0	0.102327195656573	0.119586056118305	0	0	0.192513473354846	0.585573274870277	0	0
spot_60	0	0	0	0	0.52847172928172	0.0947432016364812	0	0	0.356677643279784	0	0.0201074258020144
spot_61	0	0.00928666008616639	0.0339457570882026	0.956767582825631	0	0	0	0	0	0	0
spot_62	0.0109206632053302	0.0271488641111452	0	0.951609521293308	0	0	0	0	0	0.0103209513902171	0
spot_63	0	0.0030003239863414	0	0	0.208624640793085	0	0	0.771831474658297	0	0.0165435605622762	0
spot_64	0.00509495853217563	0.0190198864373659	0.0341802665617545	0	0.0725633182408453	0	0	0.788524209770105	0.0806173604577532	0	0
spot_65	0	0.0822550216892222	0.0573292693732089	0.0809446397616032	0	0.779471069175966	0	0	0	0	0
spot_66	0	0.00729660183934442	0	0	0.226098726714164	0.766604671446491	0	0	0	0	0
spot_67	0	0.0106120535713223	0.0984161262740728	0	0.792020185366881	0.0989516347877244	0	0	0	0	0
spot_68	0	0	0	0	0	1	0	0	0	0	0
spot_69	0	0.0557672786588467	0.00888738275122312	0.0487817339722688	0	0.718837434011593	0	0.167726170606069	0	0	0
spot_70	0	0.00427776527482459	0.00463096139139849	0	0	0.925455893156038	0	0	0.065635380177739	0	0
spot_71	0.00713824968785025	0.25809578586036	0	0	0	0.0104628092090415	0	0	0	0.724303155242748	0
spot_72	0	0.0678695374380432	0.0301093559717087	0	0.145883040696875	0.756138065893374	0	0	0	0	0
spot_73	0	0.0172257168824357	0.140863015786387	0	0	0.237086152352048	0	0.604825114979129	0	0	0
spot_74	0	0.0834789036664634	0.045412060636212	0	0.00846399784974258	0.844810837898458	0	0.0178341999491243	0	0	0
spot_75	0	0.000668575174718019	0	0.907112369571342	0	0	0	0.0676236347826413	0	0	0.024595420471299
spot_76	0.0947439220228133	0.312168791154211	0.494017886788573	0	0	0.0710380241213041	0	0	0	0.0280313759130978	0
spot_77	0	0.0559401354076406	0.118672378057877	0	0.0565587950286648	0.731185068674096	0	0.012156234134887	0	0.0254873886968356	0
spot_78	0	0.00706061630643648	0	0	0.0238009618463789	0.969138421847185	0	0	0	0	0
spot_79	0	0.0209163614149292	0	0	0.736192310669269	0	0	0.242891327915802	0	0	0
spot_80	0	0	0	0.956858998475967	0.0247748595165077	0.0183661420075255	0	0	0	0	0
spot_81	0	0.0124360922662368	0.0124360922662368	0	0	0	0	0.975127815467527	0	0	0
spot_82	0.0351164702436737	0.0163962798608767	0.0248422572017333	0.771316179872696	0.00575451164386972	0	0	0	0	0.012115787626533	0.134458513550618
spot_83	0	0	0	0	0	1	0	0	0	0	0
spot_84	0	0.00866305890200592	0	0.0190335514778189	0.441398485077495	0	0	0.515584407029578	0	0.0153204975131023	0
spot_85	0.301897107673166	0.230015643903965	0.03524034473212	0	0	0.0820600428062392	0	0	0	0.350786860884509	0
spot_86	0	0.2118447748349	0.60316633109692	0	0	0.0512523891734445	0	0.133736504894736	0	0	0
spot_87	0	0.0429763534061443	0.0140119782794489	0	0	0.921173207182322	0	0	0	0.0218384611320848	0
spot_88	0.027723339693946	0.158818578008831	0	0	0	0	0	0.181421848359305	0	0.591277594244659	0.0407586396932583
spot_89	0	0.0472532094079791	0.00468487338727938	0	0.285752267886737	0.662309649318005	0	0	0	0	0
spot_90	0	0.157845495776872	0.18146540000902	0	0	0.0109878096305489	0	0	0.333289401153075	0.316411893430485	0
spot_91	0	0.0303085170431767	0	0	0.920878480993656	0.0126793417402981	0	0	0.0195151460736703	0	0.0166185141491997
spot_92	0	0	0	0.0258925742268959	0	0.764898510272047	0	0	0	0	0.209208915501058
spot_93	0	0	0	0	0.0765484669536662	0	0	0.895116989024942	0.0174432914879507	0.0108912525334414	0
spot_94	0.0277940787948061	0.0838765018716346	0.128078800328624	0	0	0.298768344404049	0.461482274600886	0	0	0	0
spot_95	0.0488777560820523	0.0572412050990076	0.299256868233083	0	0	0.270762527917627	0	0.323861642668231	0	0	0
spot_96	0	0.0524819100292385	0.00401714493084676	0	0.943500945039915	0	0	0	0	0	0
spot_97	0	0.052627885791981	0.105691725781142	0	0	0.841680388426877	0	0	0	0	0
spot_98	0	0.15105388296254	0.0818420108255378	0	0.767104106211922	0	0	0	0	0	0
spot_99	0	0.0107160064456895	0	0	0.761387588827742	0.227896404726568	0	0	0	0	0
spot_100	0.144215847057916	0.0314558815865362	0	0	0	0.255922222194882	0.359929247845863	0	0	0.208476801314803	0
spot_101	0	0	0.0141684014585118	0	0	0.226088975066041	0	0.219467498536075	0	0	0.540275124939373
spot_102	0	0.0131717128059412	0	0	0.971999773554079	0.0148285136399795	0	0	0	0	0
spot_103	0	0.0220902999540811	0	0.82502722427572	0.0152650287931506	0.133563365362747	0	0.00405408161430147	0	0	0
spot_104	0	0.0261976515078806	0	0	0.0399396825238778	0.933862665968242	0	0	0	0	0
spot_105	0	0.00241190280312822	0	0	0	0	0	0.997588097196872	0	0	0
spot_106	0	0.0156356325853756	0	0	0.964380612169353	0.0199837552452721	0	0	0	0	0
spot_107	0	0.0011505132252276	0	0.433963572954985	0.0548188641743558	0.0940732765074217	0	0.41599377313801	0	0	0
spot_108	0.0267085980117451	0.0134698623543291	0	0.529721307256927	0.404754458920779	0.0253457734562191	0	0	0	0	0
spot_109	0	0.016010373432984	0.0201089008170719	0	0.0668295191635338	0.89705120658641	0	0	0	0	0
spot_110	0.0146087767712077	0.1027870021035	0	0.0239108339007647	0.0693122190111767	0.399897830473581	0	0.0658071792002206	0	0.323676158539549	0
spot_111	0	0.0611228703427497	0.0581675134363665	0	0	0.874062994845953	0	0	0	0	0.00664662137493046
spot_112	0	0.130098818217718	0.0572711193690456	0	0	0.674792690300316	0	0.0358068283184575	0	0.0313500254554062	0.070680518339057
spot_113	0	0.016211545567129	0.0107239462336436	0.233004680331272	0.705688083104959	0	0	0	0.00279305966213298	0.0315786851008632	0
spot_114	0	0	0	0.0262697506872946	0	0.940581032136595	0	0	0	0.0331492171761104	0
spot_115	0.00802732866306055	0.036655632663364	0	0	0.935589574873723	0	0	0	0	0.0197274637998527	0
spot_116	0.207544182817946	0.0655713276516824	0.2916429356527	0	0	0.154502955214328	0	0.280738598663344	0	0	0
spot_117	0	0.0198203669366286	0.0324644471753635	0.0121652387765193	0	0.260558086029537	0	0.674991861081952	0	0	0
spot_118	0	0.0210284979378862	0.0308814968248417	0	0.175941514754335	0.464727629108561	0	0.307420861374376	0	0	0
spot_119	0	0.013161182007983	0	0	0.670664334933246	0.316174483058771	0	0	0	0	0
spot_120	0	0.0797076329302721	0	0	0	0.832065365850111	0	0	0	0.0882270012196162	0
spot_121	0.0301714698981375	0.249851630449823	0.45243263464383	0	0	0.267544265008209	0	0	0	0	0
spot_122	0	0	0	0.00374562424971967	0	0.99625437575028	0	0	0	0	0
spot_123	0.184897830338494	0.0164527599420756	0.0113046452176868	0.499748862461214	0	0.287595902040529	0	0	0	0	0
spot_124	0	0	0.184463929922388	0	0.737699846451081	0.0778362236265312	0	0	0	0	0
spot_125	0	0.00636490805941661	0	0	0.512341454467628	0.0225486297413071	0	0	0.458745007731648	0	0
spot_126	0	0	0	0	0	0	0	1	0	0	0
spot_127	0	0.0205938585304646	0.0109006739462813	0	0	0.73528313864215	0	0.233222328881104	0	0	0
spot_128	0	0	0	0.967065434086756	0.0329345659132437	0	0	0	0	0	0
spot_129	0	0.0363771125560886	0	0	0.86151523713119	0	0	0	0.102107650312721	0	0
spot_130	0	0.00985528178816642	0.0111849808152745	0	0.0900240357218833	0.0207450747015273	0	0	0.868190626973149	0	0
spot_131	0	0.059531567571392	0.00477321482645119	0	0	0	0	0.0544716601382556	0.00731149019753291	0.839586444953566	0.0343256223128019
spot_132	0	0	0	0	0.907555520724323	0	0	0	0.092444479275677	0	0
spot_133	0	0.0339788891995873	0.0199432435428754	0	0.584493352066115	0.361584515191422	0	0	0	0	0
spot_134	0	0.0413203679856999	0.068103159182434	0	0.824527347553449	0	0.0660491252784167	0	0	0	0
spot_135	0	0.00620234011622962	0.0030239335415201	0	0.0158947297562604	0.959357811116518	0	0.00787369383911778	0	0.00764749163035455	0
spot_136	0	0.00236576734228307	0	0.185945257991209	0	0.161406167399005	0	0.650282807267503	0	0	0
spot_137	0	0.0292031304465784	0	0	0.108241234301291	0.179696440126744	0	0.181464789329753	0.251978258928189	0.249416146867445	0
spot_138	0	0.0101432334824384	0	0	0.829926975770687	0	0	0	0	0.159929790746875	0
spot_139	0	0	0	0	0.861529688363901	0.138470311636099	0	0	0	0	0
spot_140	0	0.033686615116868	0.00743405171970651	0	0.447932046968024	0.00627550125266359	0	0.504671784942738	0	0	0
spot_141	0.0354216127111202	0.0276098977014396	0	0	0	0.936968489587441	0	0	0	0	0
spot_142	0.203011413535626	0.0997811937063258	0.0259422482874538	0.618560379143356	0	0.0527047653272378	0	0	0	0	0
spot_143	0	0.0110366692149898	0	0	0.117339199914028	0.349917310035713	0	0	0.521706820835269	0	0
spot_144	0.0179801086859297	0.00227645662832633	0	0	0.875020716565539	0	0	0.104722718120205	0	0	0
spot_145	0.015083749271824	0.0339127860971992	0.0163681701492555	0.0839809170516516	0.829719157670545	0	0	0.0209352197595246	0	0	0
spot_146	0	0.0266628640417576	0	0.1167007979223	0.793498852256511	0.0475197694962858	0	0	0	0	0.0156177162831461
spot_147	0.0165678470049725	0.183270553243457	0.00797786972883698	0	0	0.00735844083959628	0	0.728304185042768	0	0.0565211041403705	0
spot_148	0.0258297448805734	0.0662524065346074	0.0514039094318026	0	0	0.0275616343952261	0.591065113596553	0	0.237887191161238	0	0
spot_149	0	0	0	1	0	0	0	0	0	0	0
spot_150	0	0.057895220635553	0.0447329059580718	0	0	0.897371873406375	0	0	0	0	0
spot_151	0	0	0	0	0.691545460363439	0.00481738568876363	0	0	0.303637153947797	0	0
spot_152	0	0.0217122525289392	0.00330959954551631	0.938212078251793	0	0.0367660696737517	0	0	0	0	0
spot_153	0	0.248776746339315	0.00706723371674617	0	0.531551803448348	0.158422920235772	0	0.0541812962598191	0	0	0
spot_154	0	0.0451414786831532	0.00888667461894536	0	0	0.490555829393351	0	0.455416017304551	0	0	0
spot_155	0	0	0	0.461301196110274	0.161582374710604	0.367049924798899	0	0.00865336624409797	0.00141313813612572	0	0
spot_156	0	0.0435291542149853	0.0085719608969681	0	0	0.608446316628608	0	0.224610884469962	0	0	0.114841683789476
spot_157	0	0.152686290367365	0.165181979684786	0	0.682131729947849	0	0	0	0	0	0
spot_158	0	0.0212623214728092	0	0	0.134102586317688	0	0	0.79928927043907	0.0453458217704322	0	0
spot_159	0	0	0	0	0	0.995308807202308	0	0	0	0	0.0046911927976927
spot_160	0.0151425269719489	0.344858677612715	0.00512701343101629	0	0	0	0	0.412907914916114	0	0.221963867068206	0
spot_161	0	0.232411879027477	0.767588120972523	0	0	0	0	0	0	0	0
spot_162	0	0.0493091524302744	0	0	0.0617377076034984	0.849999243838216	0	0	0	0.0389538961280115	0
spot_163	0	0.00211069377522036	0	0	0	0.997889306224779	0	0	0	0	0
spot_164	0	0.0220651798302558	0	0	0.0782243658170933	0.884966104679078	0	0.0147443496735737	0	0	0
spot_165	0.0445104432189925	0.0300876945247994	0	0	0	0.53677777787944	0.362730128309371	0.0258939560673971	0	0	0
spot_166	0	0.137849670361331	0.0139553733751234	0	0.0484078065670124	0.471380332385612	0	0	0	0.328406817310921	0
spot_167	0	0.0114935511847035	0	0	0.976568836758992	0.0119376120563047	0	0	0	0	0
spot_168	0	0.00490128262900082	0	0	0.186873910845309	0	0.0129521612496014	0	0.795272645276089	0	0
spot_169	0	0.018925007153084	0.0033328104215526	0	0.562527268122259	0.0931407904027934	0	0.322074123900311	0	0	0
spot_170	0	0.0153319602124824	0	0	0.241542352337675	0.68985711597426	0	0	0.0532685714755828	0	0
spot_171	0.00188802248567791	0	0	0	0.998111977514322	0	0	0	0	0	0
spot_172	0	0	0	0	0	0.175987573405905	0	0.824012426594095	0	0	0
spot_173	0.0371788786385913	0.0127664490173245	0.0195533326209467	0	0	0.0651830981434738	0	0.865318241579664	0	0	0
spot_174	0.0328684325298374	0.0477831426752843	0	0	0	0.0238599777225051	0	0.504855096252937	0	0.390633350819436	0
spot_175	0	0	0	0.00686701593953855	0.104615448926276	0.0568093569574155	0	0.83170817817677	0	0	0
spot_176	0.047834780705422	0.0224478161724278	0	0.258935755654976	0	0.0839940824417971	0	0.484722383879976	0.102065181145401	0	0
spot_177	0	0.0261150649768622	0.0151970338029136	0	0.245457230430681	0.090347973233992	0	0	0	0.622882697555551	0
spot_178	0.0332012387740963	0.0533815768293286	0.0288226175900047	0.0534673994554821	0	0.816484739089834	0	0.0146424282612544	0	0	0
spot_179	0	0	0	0	0.778440402859494	0.18809254371183	0	0.0334670534286761	0	0	0
spot_180	0	0.0531903284840057	0.0223229901317961	0.0721213445057292	0	0.796861805992029	0.0555035308864405	0	0	0	0
spot_181	0	0.0605267661992499	0.175686325206913	0.106435531244686	0	0	0	0.0187738031790376	0	0	0.638577574170114
spot_182	0	0.0443831465102073	0.0192490376380805	0	0.029199910478623	0.00832764532693443	0	0	0	0.814716738662111	0.084123521384044
spot_183	0.0355984782289617	0.164054451702117	0.281196966328591	0	0.390770669597341	0.0497487625436393	0	0	0	0.078630671599349	0
spot_184	0	0.0278172680117072	0.00357919547132612	0	0	0.0127389163311719	0	0.955864620185795	0	0	0
spot_185	0	0.236059661985243	0.101737738991357	0	0.437561849058661	0.181558168446032	0	0	0	0	0.0430825815187072
spot_186	0	0.0273244255108308	0	0	0.186638252890414	0.786037321598755	0	0	0	0	0
spot_187	0.00747381750171464	0.145988382191783	0.0324005494383785	0	0	0.442779990322543	0.0696383310848292	0.0843879350624386	0	0.217330994398313	0
spot_188	0.0244173145672868	0.000992497249193366	0.0132979894265145	0	0	0	0	0.961292198757005	0	0	0
spot_189	0	0.00907436316510098	0	0	0.135423780546293	0	0	0	0	0.855501856288606	0
spot_190	0	0.00758091754460799	0	0	0.359117099056702	0.63330198339869	0	0	0	0	0
spot_191	0	0	0	0.0100671967887586	0.876608435306419	0	0	0.100176718292323	0	0.0131476496124995	0
spot_192	0	0.0128101140315198	0	0	0.859907341872734	0.127282544095746	0	0	0	0	0
spot_193	0.110824979081437	0.181511573660231	0	0.0312617970597538	0	0.015064183178117	0	0.0813790619249745	0.0144289749900992	0.565529430105387	0
spot_194	0	0.0396292151731447	0	0	0	0.960370784826855	0	0	0	0	0
spot_195	0	0	0	0	0.138022034436729	0.739558556366402	0	0	0.122419409196869	0	0
spot_196	0	0	0	0	0	0	0	0.906287099124703	0.0937129008752964	0	0
spot_197	0	0	0	0	1	0	0	0	0	0	0
spot_198	0	0	0.0148127575659053	0	0	0.318485797745969	0	0.666701444688125	0	0	0
spot_199	0	0.00729082744163449	0	0	0.190494373181285	0	0	0	0.0646266665308938	0.737588132846186	0
spot_200	0	0.00697287040011398	0	0	0	0.937336243608576	0	0	0.0556908859913101	0	0
spot_201	0.034531790343077	0.0759606546650387	0.125196792915176	0	0	0	0	0.764310762076709	0	0	0
spot_202	0	0	0	0.0252111813311154	0	0.974788818668884	0	0	0	0	0
spot_203	0	0.000673494658767685	0	0.98485345197271	0	0.0144730533685228	0	0	0	0	0
spot_204	0	0.0241928218012503	0.0192213452154981	0	0.379743710396535	0.00996501999426611	0	0.548463288059874	0	0.0184138145325768	0
spot_205	0.00395466516251787	0.270894293441229	0.121125077685189	0	0.604025963711064	0	0	0	0	0	0
spot_206	0.000965748466204895	0	0	0	0	0.0830416208991467	0.00428008991729821	0.91171254071735	0	0	0
spot_207	0	0.013666306314929	0.0142993541444419	0	0.00417800253997547	0.967856337000654	0	0	0	0	0
spot_208	0	0.0417373614748331	0	0.612481579646483	0	0.344561285561807	0	0	0.00121977331687674	0	0
spot_209	0.0347103089044189	0.425761957557569	0.294870250342878	0	0	0	0	0.192003837300673	0	0.0526536458944609	0
spot_210	0	0.0309532658963203	0.00948062786164848	0	0.108354823508216	0	0	0	0	0.851211282733815	0
spot_211	0	0	0	0	0.131732216476052	0	0	0.68083541114223	0.174253626110143	0.0131787462715746	0
spot_212	0	0.0130873761985351	0.0431576782774088	0	0.114992239651966	0.00158115149406311	0	0	0	0.827181554378028	0
spot_213	0	0.0100360703127239	0.0018550428843053	0	0.436173686873527	0.00318753602549703	0	0.548747663903946	0	0	0
spot_214	0	0	0.00119269778211744	0	0	0.998807302217883	0	0	0	0	0
spot_215	0	0.0141480378673914	0.00762606300777037	0	0.24781312143957	0	0	0.286173576144407	0	0.444239201540862	0
spot_216	0	0.355598778546487	0.617922579814596	0.026478641638916	0	0	0	0	0	0	0
spot_217	0.00862058570551912	0.263642462151898	0.00701432777436371	0	0	0.0112594670855477	0	0	0	0.709463157282672	0
spot_218	0.0376621640142846	0	0	0	0.227726702872404	0.705800746557668	0	0.0288103865556433	0	0	0
spot_219	0.00176620226116159	0.00608803178341237	0.0137828862807968	0.0104013128497105	0.0680147129531471	0	0.0144457832756415	0.88550107059613	0	0	0
spot_220	0	0.000958177871212681	0.0298411019315161	0.945520876829085	0	0.0236798433681858	0	0	0	0	0
spot_221	0	0.0342326409072784	0.0112496900636914	0.53029997140471	0.391815718378411	0.0201220880956981	0	0	0.0122798911502117	0	0
spot_222	0	0.0430936867944212	0.0847333786045297	0	0	0	0	0.269985180628048	0.591264471313393	0	0.0109232826596085
spot_223	0	0.0740658247629061	0.0627620515759665	0	0	0.00685843087325422	0	0.856313692787873	0	0	0
spot_224	0	0	0	0	0.927855666566408	0.0078071939681575	0	0.0643371394654342	0	0	0
spot_225	0	0.0466157748066488	0.0443219618672824	0	0.909062263326069	0	0	0	0	0	0
spot_226	0	0	0	0	0.0428355400940962	0.936004846267904	0	0	0	0	0.0211596136379995
spot_227	0	0.0145669946197992	0.0110772942666226	0	0.974355711113578	0	0	0	0	0	0
spot_228	0.0091836481154641	0	0	0.565705682614787	0.00714096458244125	0.287212774378937	0	0.122294485446609	0.00846244486176139	0	0
spot_229	0	0.0320942793859899	0.0167549096904705	0	0.312111197497357	0.612493834155962	0	0	0	0	0.0265457792702203
spot_230	0	0.0394427348646065	0.00701919362319071	0.665884651449643	0.233555358331822	0.0505882809105022	0	0	0.0035097808202342	0	0
spot_231	0	0.171163937096206	0.255030672888033	0	0.113163048781116	0.103676293957122	0.201390115775949	0.13992275269526	0	0	0.0156531788063136
spot_232	0	0	0	0	0.015414815833908	0.984585184166092	0	0	0	0	0
spot_233	0	0	0	0	0.101797444374497	0	0	0.898202555625503	0	0	0
spot_234	0	0.119780812704687	0.0143666932835128	0	0.8658524940118	0	0	0	0	0	0
spot_235	0	0.185244844072008	0.0152658066456271	0.131776454382877	0	0.364402443835285	0	0.303310451064204	0	0	0
spot_236	0	0.215847367356429	0.746312371924167	0	0.0151948526184821	0.0226454081009226	0	0	0	0	0
spot_237	0	0.0751612048270613	0.0253970974785702	0	0.038779383064086	0.230049261608304	0	0	0	0.630613053021979	0
spot_238	0	0.0445537793226437	0.0232571853363426	0	0.620041128863523	0.111898436175296	0	0.0570006631971073	0.119865108451678	0	0.0233836986534101
spot_239	0	0.0105528266387745	0	0	0.0141874769902121	0.944416644250548	0	0	0	0.0308430521204646	0
spot_240	0	0.0212601080106181	0	0	0.418991385904394	0	0	0	0	0.559748506084988	0
spot_241	0.0671368941648417	0.0623915137811676	0.108127377298286	0	0.645412492800725	0.0431449106188834	0	0	0	0.0737868113360963	0
spot_242	0.0181617306342586	0	0.00913063391919035	0	0.12917706580936	0	0	0.769032514251165	0.0744980553860253	0	0
spot_243	0	0.128949544900658	0	0	0.0179646999521346	0.736191876710029	0	0.116893878437179	0	0	0
spot_244	0	0.048125309703426	0.0446693632798673	0	0	0.907205327016707	0	0	0	0	0
spot_245	0	0	0	0	0	1	0	0	0	0	0
spot_246	0	0.0143508927274765	0	0.944097572389111	0	0	0	0	0.041551534883413	0	0
spot_247	0.0223989788386003	0.0559818667548745	0.0504559324763112	0	0	0.122826882226961	0	0.0996295921124722	0.648706747590781	0	0
spot_248	0	0.150048894553964	0.115255473911598	0	0.734695631534439	0	0	0	0	0	0
spot_249	0.11043900384563	0.0640282859991116	0.0156055615749324	0.578643636150143	0	0.161720493122311	0	0.0695630193078728	0	0	0
spot_250	0.463479957006296	0	0.0465988317428682	0	0	0	0	0.489921211250836	0	0	0
spot_251	0.124290618295402	0.465719466829386	0.0136500203832338	0	0	0.0141939441292627	0	0	0	0.382145950362716	0
spot_252	0.0202119759458095	0.0559028206070534	0.0102622156091039	0	0.00570089766991315	0	0	0	0	0.90792209016812	0
spot_253	0	0.0221162797842155	0.0332066470654166	0.155309636325291	0	0.761046092796673	0.00199253056804789	0.0263288134603557	0	0	0
spot_254	0	0.0452432433079323	0.0154574010234353	0	0.00854160481962458	0.884121940190629	0	0.0466358106583787	0	0	0
spot_255	0	0.0238312307616976	0	0	0	0.493359745003218	0	0.0181035779802322	0.464705446254852	0	0
spot_256	0	0	0	0	0.334596519290924	0.107794543333106	0	0.55760893737597	0	0	0
spot_257	0.023153153673951	0.0388661062004869	0	0	0	0	0	0	0	0.937980740125562	0
spot_258	0	0	0	0.0856747446852047	0.563042354233348	0	0	0.328943618810261	0	0.0223392822711863	0
spot_259	0	0.00388985605971117	0	0	0	0.996110143940289	0	0	0	0	0
spot_260	0	0	0	0	1	0	0	0	0	0	0
spot_261	0.0304920444746423	0.00733867466473909	0.0071460106083892	0	0	0.144884715507047	0	0.810138554745183	0	0	0
spot_262	0	0.0076805820260772	0	0	0.878005410867496	0	0	0.114314007106427	0	0	0
spot_263	0	0.00509858641237542	0.011334994781311	0.868109233087945	0.00798982750955997	0.107467358208808	0	0	0	0	0
spot_264	0	0.327351822345176	0.570548213754974	0	0.0143950723819878	0.0648046710519366	0	0.00128718613371207	0.0216130343322134	0	0
spot_265	0	0.21039264293782	0	0.295464276798705	0	0.0569145885663324	0	0	0	0.379905614503847	0.0573228771932961
spot_266	0	0.00064760594264007	0	0.99935239405736	0	0	0	0	0	0	0
spot_267	0	0	0	0	0	0.991128938102622	0	0	0	0.00887106189737712	0
spot_268	0	0.0442416577689313	0	0	0.955758342231069	0	0	0	0	0	0
spot_269	0	0.0791213091749873	0	0	0.147472255504313	0	0	0	0	0.7734064353207	0
spot_270	0	0.104240273273978	0.0072624755721872	0	0	0.888497251153835	0	0	0	0	0
spot_271	0.0735741220620354	0.0630245751057953	0.248261225028726	0	0	0	0	0.505256705538704	0.109883372264738	0	0
spot_272	0.0874339945043734	0.346254486102175	0.263371737993333	0.00941026018603873	0	0.248827738440002	0	0.0447017827740783	0	0	0
spot_273	0	0.0241418353875806	0.00509180818254769	0.170188454540648	0.147025872156928	0.584976058352825	0	0.02598277066446	0	0.0425932007150101	0
spot_274	0.0193668097555794	0.00966696584912076	0.0204834831876599	0	0.0207085004467982	0	0	0.29639527841573	0.633378962345111	0	0
spot_275	0	0.0113128228790336	0.0943990957904717	0	0	0.248362032084817	0	0.566521573301975	0.0794044759437027	0	0
spot_276	0.0999832272397015	0.0747314470275061	0.0161803456102668	0	0	0	0	0.696252337803008	0	0.112852642319517	0
spot_277	0	0.0277136557672899	0	0	0.0854803991301772	0.867166348543557	0	0	0	0.0196395965589767	0
spot_278	0	0	0	0	0.710608877133631	0	0	0	0.289391122866369	0	0
spot_279	0.0633096068373734	0.184761795662429	0.0169903472198029	0.233104525918725	0.0113051648351971	0	0	0	0	0.490528559526472	0
spot_280	0	0.00332564662072835	0	0	0.140263129892581	0.163568039606537	0	0.692843183880154	0	0	0
spot_281	0	0	0	0	0.727619420223872	0.272380579776128	0	0	0	0	0
spot_282	0	0	0	0	0	0.999999999999999	0	0	0	0	0
spot_283	0	0	0	0	0	1	0	0	0	0	0
spot_284	0.208740211863637	0.0564228199137593	0.170184832661104	0	0.564652135561499	0	0	0	0	0	0
spot_285	0	0.0265890090876021	0	0	0.888453174835116	0.084957816077282	0	0	0	0	0
spot_286	0	0.00500351792280807	0.0929826778389595	0	0.0892024138571786	0	0	0.812811390381054	0	0	0
spot_287	0	0.0262070762380408	0	0	0	0.947226363952185	0	0	0	0.026566559809774	0
spot_288	0	0.122624778085774	0.016243884084102	0	0.308786265175499	0.548351944449366	0	0	0	0	0.0039931282052589
spot_289	0	0.0379759512903103	0	0	0.487828681638134	0.352010228530757	0	0	0.122185138540799	0	0
spot_290	0.00175749154595596	0.0254899496690688	0	0	0.308275351594786	0	0	0	0	0.66447720719019	0
spot_291	0	0	0	0	0	1	0	0	0	0	0
spot_292	0	0	0	0	0	1	0	0	0	0	0
spot_293	0	0.0326945897246366	0.0521192889911802	0	0.0377666137655389	0.169131357981158	0	0.0458038874371815	0	0.568722884106844	0.0937613779934601
spot_294	0	0.00603098415482555	0.0817495789269907	0	0.104743512719657	0.252601885779936	0	0.554874038418591	0	0	0
spot_295	0	0.0377529315867104	0.045920639134382	0	0	0.881791992001457	0	0.0345344372774504	0	0	0
spot_296	0	0	0	0	0	1	0	0	0	0	0
spot_297	0	0.0058647810712717	0	0	0.233001625568597	0.319058842013899	0.147670659702576	0.259026613300839	0	0	0.0353774783428173
spot_298	0	0.0744473982014666	0.0534139984076088	0	0.168863429268909	0.490820447755994	0	0.212454726366021	0	0	0
spot_299	0	0	0	0.339947110840639	0.32212714631814	0	0	0.337925742841222	0	0	0
spot_300	0.0459349109738897	0.203213227074747	0.366446707362857	0	0	0.0605014519696832	0	0.323903702618822	0	0	0
spot_301	0	0.069082660107225	0.00745423118959319	0.850079184353092	0	0.062418543196231	0	0.0109653811538586	0	0	0
spot_302	0	0.000607386776394696	0	0.919886470296785	0	0.0795061429268202	0	0	0	0	0
spot_303	0	0	0	0	0	0.0173482515211625	0	0.785298129711358	0	0	0.19735361876748
spot_304	0	0.0286313030326023	0.0620534875059497	0.403832762686246	0	0.505482446775202	0	0	0	0	0
spot_305	0.00392902239427697	0.00909376262521018	0.0289349461656679	0	0.117527609684388	0	0	0.840514659130457	0	0	0
spot_306	0.0827613636012179	0.00494502560048974	0.00564790087537802	0.481984822576062	0	0.424660887346852	0	0	0	0	0
spot_307	0	0.32344913030099	0.10448968815001	0	0	0.572061181549001	0	0	0	0	0
spot_308	0	0	0	0.0423049460149533	0	0.957695053985047	0	0	0	0	0
spot_309	0	0.0352025334730108	0	0	0.964797466526989	0	0	0	0	0	0
spot_310	0	0	0	0	0.0867958137260456	0	0	0	0	0.913204186273955	0
spot_311	0	0	0.00995422692527053	0.687454311808226	0.217756720695817	0.0848347405706863	0	0	0	0	0
spot_312	0	0	0	0.0431270770266809	0	0.45415347824933	0	0	0.493912621526722	0	0.00880682319726776
spot_313	0.140495678997274	0.260822463864973	0.298648730106092	0	0	0.0234135128017707	0	0.276619614229891	0	0	0
spot_314	0	0	0	0	0.00671616247756741	0.993283837522433	0	0	0	0	0
spot_315	0.021709343360362	0.0192191941020264	0.0152372106514892	0	0.0195663225866303	0.0522393811818295	0	0	0.785909740925882	0.0861188071917811	0
spot_316	0	0.0634469238639457	0.0110166927478212	0	0.0223688809978433	0	0	0	0	0.833311519652669	0.0698559827377208
spot_317	0	0.0181790043450411	0.00948688241640452	0	0.512506609600486	0.45507238417001	0	0	0	0	0.00475511946805752
spot_318	0	0.0221351811515848	0.0343389634803234	0.290806342212567	0	0.463822990230315	0	0	0.188896522925209	0	0
spot_319	0	0	0.0247170553211286	0.975282944678871	0	0	0	0	0	0	0
spot_320	0	0	0	0.108184956861041	0.00940345883991342	0.882411584299045	0	0	0	0	0
spot_321	0	0.0536811905651985	0	0	0	0.927123745142129	0	0.0191950642926724	0	0	0
spot_322	0	0.0151924293673031	0	0.57747674641323	0.000682854576520813	0.14907622869109	0	0	0.257571740951856	0	0
spot_323	0	0	0	0	1	0	0	0	0	0	0
spot_324	0	0.212395524145297	0.514320599186513	0	0	0.151558818763561	0	0	0.121725057904629	0	0
spot_325	0.0437864222733157	0.132260554350945	0.0328191109770565	0	0.0246835141241549	0.0401346639565706	0	0.365762671444215	0	0.360553062873743	0
spot_326	0.0295464419491499	0.0120777375899277	0.354283555818633	0	0	0.157653569581962	0	0.446438695060328	0	0	0
spot_327	0	0	0	0	0.459217005550409	0.540782994449591	0	0	0	0	0
spot_328	0	0	0	0	0	1	0	0	0	0	0
spot_329	0	0.0444587667319122	0.0474095927519856	0	0.0470565965396478	0.0350847605067757	0	0	0.825990283469679	0	0
spot_330	0	0.0153857633755603	0	0.284259606080579	0.0233777920859571	0.665444225533669	0	0.0115326129242346	0	0	0
spot_331	0	0.0767472442146272	0	0	0	0.892368119560298	0	0	0	0.0308846362250741	0
spot_332	0	0	0	0	0	1	0	0	0	0	0
spot_333	0.0318746490145973	0.00995988291208315	0	0	0	0.678381030654319	0	0	0.198946645428483	0.0808377919905177	0
spot_334	0	0	0	0	0	0.980463007716906	0	0.0195369922830938	0	0	0
spot_335	0.0199666592525692	0.0790670015198291	0.0102939039228135	0	0	0.012308209957581	0.738291104535016	0.0519254879748077	0	0.0633324163627771	0.024815216474606
spot_336	0	0.00890252941020593	0	0	0.29990425424977	0.66639046591358	0	0.00634541393646717	0	0.0184573364899775	0
spot_337	0	0	0	0.210297294230865	0.746464983855461	0	0	0	0.0432377219136744	0	0
spot_338	0.0195061332888049	0.017363088778954	0	0.809960401895668	0.0411944401048285	0.00647746855312821	0	0	0.00905337637478871	0.0964450910038275	0
spot_339	0	0.0129665093473775	0	0	0.65885182609335	0	0	0.320784996953693	0	0.00739666760558019	0
spot_340	0	0.00383936118542864	0	0	0.185233127661596	0.102809929975917	0	0.708117581177058	0	0	0
spot_341	0	0.0222529989550494	0.046385945092391	0	0.0512681433344055	0	0	0.345052321415491	0.535040591202663	0	0
spot_342	0	0.020404085273716	0.114815665681561	0	0.484566482571364	0.307232720651357	0	0	0	0	0.0729810458220021
spot_343	0	0	0	0	0.769466359953099	0	0	0.139447696165528	0	0.0910859438813734	0
spot_344	0	0.034879974817332	0	0.497362052857233	0.0148719984178626	0	0	0.0383389860449936	0	0.357833570597703	0.0567134172648762
spot_345	0	0	0	0	0.053017558771967	0.882488294330974	0	0	0.0510155391571265	0.0134786077399329	0
spot_346	0	0.0976481466730997	0.0103897839221379	0	0.0766788564564531	0.700679845647066	0	0.108434166668139	0	0.00616920063310413	0
spot_347	0.0909669375961882	0.251192191839003	0.64795331043296	0.00988756013184997	0	0	0	0	0	0	0
spot_348	0	0.0179779145066504	0	0	0.134525134667559	0.336278150993795	0	0	0.511218799831996	0	0
spot_349	0.0136903301930329	0.0210233630822159	0	0.00258106946249336	0	0.0718334726047396	0.789008578195783	0	0.101863186461735	0	0
spot_350	0.0235610024462956	0.367955681955038	0.600805715571211	0.00767760002745574	0	0	0	0	0	0	0
spot_351	0	0	0	0.184655145184057	0	0.815344854815943	0	0	0	0	0
spot_352	0	0.050682358602793	0.00767423889119818	0	0.0165934428165447	0.788882440429139	0	0.136167519260326	0	0	0
spot_353	0	0.0121138902258172	0	0	0	0.987886109774183	0	0	0	0	0
spot_354	0	0.0459247175969098	0.0199902167331258	0.011725151749618	0	0.922359913920346	0	0	0	0	0
spot_355	0	0.340190413556161	0.0680190811883993	0	0	0.0929148984355098	0	0	0	0.358866924882118	0.140008681937812
spot_356	0	0.0186738122319735	0.0232256010008368	0.545112899874504	0.0039418725494884	0	0	0	0.409045814343198	0	0
spot_357	0.0399693940397849	0.0874008607589018	0.0649800234215505	0	0	0.807649721779763	0	0	0	0	0
spot_358	0	0.099890348075793	0.229983205467524	0	0.0397853914256987	0.452876489039635	0	0.168045479454412	0.00941908653693686	0	0
spot_359	0.00270353745778533	0.0866291807163054	0.169973839939892	0	0	0	0	0.740693441886017	0	0	0
spot_360	0	0.0208940113118451	0.0138293516194096	0	0.014379746239167	0.950896890829579	0	0	0	0	0
spot_361	0	0	0	0	0	1	0	0	0	0	0
spot_362	0	0.014909226879131	0.115587219311594	0.347096274615281	0.166172247539267	0.00665132556892703	0	0.3495837060858	0	0	0
spot_363	0	0.0177135837078926	0.0819446623060557	0	0	0.306427412734951	0	0.5939143412511	0	0	0
spot_364	0	0.00909763010231725	0	0.00111975759821757	0	0.989782612299465	0	0	0	0	0
spot_365	0	0.0239778465558548	0.00559871384087633	0	0.021513362832836	0.948910076770433	0	0	0	0	0
spot_366	0.0128036156749579	0.0734122884721563	0	0	0	0.00717378908335824	0	0	0.0632334000999674	0.843376906669561	0
spot_367	0.0384582577148808	0.383847015508268	0.0305964790905022	0	0	0	0.118709053501141	0.428389194185208	0	0	0
spot_368	0	0	0	0	0	1	0	0	0	0	0
spot_369	0.178949862526049	0.142507062143587	0	0	0	0.0776496164778832	0	0	0	0.600893458852481	0
spot_370	0	0.00650949881863359	0.0095935919884506	0	0	0.705755568864236	0	0.27814134032868	0	0	0
spot_371	0	0.0223667556859131	0	0	0	0.620682202953421	0	0.356951041360666	0	0	0
spot_372	0	0.0068579500331059	0	0	0	0.993142049966894	0	0	0	0	0
spot_373	0	0	0	0	0.0172067266435936	0	0	0.982793273356407	0	0	0
spot_374	0.04792576803977	0.231148479712419	0.304985585596793	0	0	0.274599767165081	0.0656216746299366	0.0757187248560007	0	0	0
spot_375	0.118863097408897	0.0795503228851952	0.017611822227115	0	0	0.0171931379199887	0	0.387083858115201	0.0953426512248979	0.284355110218705	0
spot_376	0	0.0217825750074037	0.00752478392391986	0.0345753416948629	0	0.860793146061772	0	0	0.075324153312042	0	0
spot_377	0	0.0420215512832861	0.0671661198861595	0	0	0.841978673696123	0	0.0284392675132787	0	0.0203943876211531	0
spot_378	0	0	0	0	1	0	0	0	0	0	0
spot_379	0	0	0	0	0.0156179533425209	0.984382046657479	0	0	0	0	0
spot_380	0	0.0879153783509196	0.159326811454549	0	0	0.522517766276891	0	0	0	0	0.23024004391764
spot_381	0.00983979638558329	0	0	0.46495649829624	0.338571486415232	0	0	0.15661356228049	0.0300186566224549	0	0
spot_382	0.0202413200526142	0.0588404606942863	0.751044419747325	0	0.15383232563967	0.0160414738661053	0	0	0	0	0
spot_383	0.0592339314384247	0	0.0720427892616078	0.00579215077442445	0.860606383519289	0	0	0	0.00232474500625422	0	0
spot_384	0	0.00977158155274028	0.0262429901987449	0	0	0.107742517972184	0	0.85624291027633	0	0	0
spot_385	0	0	0	0	0.489200054831	0	0	0	0	0.510799945169	0
spot_386	0	0	0	0.617499598769851	0.129005679352048	0.0382599983340015	0	0	0.2152347235441	0	0
spot_387	0	0.0688551557982179	0	0	0.00896483729476935	0.684192489414071	0	0.237987517492942	0	0	0
spot_388	0	0	0.012024873322463	0	0	0	0	0.901355460492133	0	0	0.0866196661854046
spot_389	0.020143589220358	0.385450053157154	0	0	0	0	0	0.31278830608325	0.00940922657399584	0.272208824965242	0
spot_390	0	0	0	0	0.980973290144375	0.00394255920665889	0	0.00193481660512337	0	0.0131493340438433	0
spot_391	0	0	0	0	0	0	0	1	0	0	0
spot_392	0.0131035612473657	0.00965425574627833	0.0260702934743348	0	0.00253315535140802	0.828510296785003	0	0.0262082340518742	0.0351987666695301	0	0.0587214366742061
spot_393	0	0	0	0	0.811965235780943	0	0	0	0	0.188034764219057	0
spot_394	0	0.0417582467391417	0.0161803044951311	0	0.433664789104125	0.284178967256798	0	0.0440280761002971	0.172074569845214	0	0.00811504645929332
spot_395	0	0.0137408311406841	0	0	0.784909499712499	0.131194926730804	0	0.0701547424160126	0	0	0
spot_396	0	0.0291009353867305	0	0	0.0920816459991575	0.66350648654138	0	0.215310932072732	0	0	0
spot_397	0	0.0303233620629177	0	0	0	0.949028691615834	0	0	0.0206479463212483	0	0
spot_398	0	0.0252305266009467	0	0	0.614218709724248	0	0	0	0.360550763674806	0	0
spot_399	0.0793016426069376	0.167699510244821	0	0	0	0.0252568238479506	0	0	0	0.72774202330029	0
spot_400	0.201438904660341	0.0554319617615805	0.252549018823875	0	0.0393973801453593	0.0245265574491554	0	0.426656177159689	0	0	0
spot_401	0	0.0266760911857523	0	0	0.973323908814247	0	0	0	0	0	0
spot_402	0	0	0.193542170150232	0	0.115049827541777	0.691408002307991	0	0	0	0	0
spot_403	0.000766947382797529	0	0	0	0	0.919782366915477	0	0	0.0794506857017256	0	0
spot_404	0	0.0404120358709931	0.0583686353227171	0	0.572975931299306	0.228218367614551	0	0.00197782937463564	0.0980472005177973	0	0
spot_405	0.0269684148549495	0.00281685268921803	0	0	0	0.00748286068666382	0	0.962731871769168	0	0	0
spot_406	0	0.1410820022767	0	0	0.744641338602046	0	0	0.114276659121254	0	0	0
spot_407	0	0	0	0	0	0.0196471117212706	0	0.980352888278729	0	0	0
spot_408	0.00363176304505203	0	0	0.0355668852931491	0	0.952611111631948	0	0	0	0.0081902400298506	0
spot_409	0	0.0108029315192459	0.0122609119264647	0.0319849751226968	0	0.00638870951914784	0	0	0.938562471912445	0	0
spot_410	0.0122830373242946	0.318557202142761	0.136981019892988	0	0.482815070516368	0	0	0	0	0.0444133297235109	0.00495034040007775
spot_411	0	0.0814107697365146	0.11979408582769	0	0	0	0	0.798795144435795	0	0	0
spot_412	0	0	0	0.910967746043816	0.0159213773314715	0.0731108766247119	0	0	0	0	0
spot_413	0	0	0	0.921502627325078	0.0784973726749212	0	0	0	0	0	0
spot_414	0	0.105963171692068	0.0097257615242611	0	0.627379261113279	0.256931805670392	0	0	0	0	0
spot_415	0	0	0	0.0206156142980231	0	0.979384385701977	0	0	0	0	0
spot_416	0	0	0	0	0	0.890046878576361	0	0.109953121423639	0	0	0
spot_417	0	0.00992514668734343	0.0407649965509486	0.212935482278247	0.0402326926922775	0	0	0.696141681791183	0	0	0
spot_418	0.148200549694531	0	0	0	0	0	0	0.85179945030547	0	0	0
spot_419	0	0.0755320769415107	0.0347016751135435	0	0.62750251187457	0	0	0.0311635339221388	0.231100202148237	0	0
spot_420	0	0.0372786986941665	0.0225283244966959	0.0566551982313142	0.00251261523667762	0	0	0	0.826886562192839	0	0.0541386011483068
spot_421	0	0.0133440305410082	0	0	0	0.986655969458992	0	0	0	0	0
spot_422	0	0.182719838266531	0.435913700095905	0	0.0233069231083783	0.170595650031534	0	0	0	0.0195082129421676	0.167955675555484
spot_423	0	0.0612941037854356	0	0	0	0	0	0	0	0.912901422912837	0.0258044733017277
spot_424	0.00297590495949497	0.00848823275817513	0.0200391037183932	0	0.291233646048874	0	0.160902068205351	0.429670738685817	0.076054210760749	0.0106360948631459	0
spot_425	0	0.0138945932055621	0.0296898613632766	0.645624876817672	0	0.0362370551330212	0	0	0.0934662550926221	0	0.181087358387847
spot_426	0	0.0814778964618872	0.319137726334766	0	0	0.320757701423864	0	0.278626675779483	0	0	0
spot_427	0	0.072293367230544	0.0124792666023145	0	0.250507693991541	0	0	0	0	0.664719672175601	0
spot_428	0	0.117835195371182	0.148342286832065	0	0.529950055944235	0.116032355410986	0	0.087840106441532	0	0	0
spot_429	0.186213636709179	0.0873033290931857	0.0542859747102952	0.637924760793425	0	0.034272298693915	0	0	0	0	0
spot_430	0	0.0319661374122245	0.0475456187680241	0	0	0.301329359827527	0	0.274805491697994	0.34435339229423	0	0
spot_431	0	0.00747769169693382	0	0.0211836960946215	0	0.949118680679171	0	0	0	0.0222199315292744	0
spot_432	0	0.0153889641904253	0.053806667967663	0	0.0457423026967514	0	0	0	0	0.88506206514516	0
spot_433	0	0.0176333991154723	0.0368303146512103	0	0.366507329524214	0.241394696822085	0	0	0.337634259887018	0	0
spot_434	0	0	0	0	0	1	0	0	0	0	0
spot_435	0	0.0735585273047898	0.141294995840835	0	0	0.416611334073133	0	0.368535142781242	0	0	0
spot_436	0	0	0.0248855229361138	0	0	0	0	0.951163312194686	0.0239511648692003	0	0
spot_437	0	0	0.0100347411572055	0.168480574681713	0.00547207874992106	0.0107068559867891	0	0.736868058661678	0	0	0.0684376907626929
spot_438	0	0.0160606347051605	0.0612827622438818	0	0	0	0	0.0747440775496203	0.0996931613640521	0	0.748219364137286
spot_439	0.0406734660358555	0.0342995575944498	0.00441256443158519	0	0	0.00945786685040197	0	0.911156545087708	0	0	0
spot_440	0	0.000725516134975205	0	0.922551623492053	0	0.0767228603729721	0	0	0	0	0
spot_441	0	0.0498862401580153	0.0293056691631566	0.0522197961093322	0.0158416022000849	0.591342186858528	0	0.0782670717272939	0.183137433783589	0	0
spot_442	0	0	0	0	1	0	0	0	0	0	0
spot_443	0	0.0293676396221159	0.0241516594234713	0	0.0785090679914771	0.151686130232109	0	0.716285502730826	0	0	0
spot_444	0.114174299165229	0.191321734550733	0.118220400714327	0.0782001791636681	0	0.294785339437699	0	0.203298046968344	0	0	0
spot_445	0	0.147413012165129	0.0327371228423641	0.550885482759536	0.0825636699344226	0.0295284467356388	0	0	0.15687226556291	0	0
spot_446	0	0.0677670293717961	0	0	0.0172217859093992	0.0102184913189155	0	0	0	0.856424019249629	0.0483686741502601
spot_447	0	0.0988231525874014	0.00373878855676924	0	0	0.629334362824899	0	0.0348850944552671	0	0.233218601575664	0
spot_448	0.066090383722894	0.256236583406744	0.580262863349784	0	0	0.0974101695205776	0	0	0	0	0
spot_449	0	0.0233547730350853	0.00190503741311073	0.169304243115382	0	0.805435946436422	0	0	0	0	0
spot_450	0	0.0450353542352333	0	0	0.263083201582812	0	0	0.125390555320194	0.56649088886176	0	0
spot_451	0	0.00252209670378318	0	0	0.879955061115458	0	0	0.0335518502469338	0.0839709919338251	0	0
spot_452	0	0.0497688913685318	0.00947106150362194	0	0	0.824111903683211	0	0.116648143444635	0	0	0
spot_453	0	0.00510442472219123	0	0	0	0.994895575277809	0	0	0	0	0
spot_454	0	0.104268026690819	0.134099049671987	0	0	0.761632923637194	0	0	0	0	0
spot_455	0	0.241096514085285	0.0151949572455655	0	0.0617462645780491	0.102395730290992	0	0	0	0.515246060839671	0.064320472960437
spot_456	0.0138870881607678	0	0	0	0	0.986112911839232	0	0	0	0	0
spot_457	0	0	0	0.804167433256249	0.180807406138923	0.0125873493297289	0	0	0.00243781127510038	0	0
spot_458	0	0	0.0125982828622576	0.00666594082258175	0	0	0	0.752044381918566	0	0	0.228691394396595
spot_459	0.0198401093627445	0.0432407407497802	0.104168752370049	0	0.55136107788219	0	0	0.206944104982089	0.0744452146531469	0	0
spot_460	0	0.224112667987436	0.215372803238967	0	0	0	0	0.560514528773597	0	0	0
spot_461	0	0.0711399894962144	0.00992931840822177	0	0.00727990498753196	0.911650787108032	0	0	0	0	0
spot_462	0	0.0559087990204033	0	0	0.91343387958569	0.0306573213939059	0	0	0	0	0
spot_463	0	0.0281244412994532	0.045955569713507	0	0	0.0608022856549536	0	0.80752572645014	0.0575919768819465	0	0
spot_464	0	0.0804980152616839	0	0	0	0.919501984738316	0	0	0	0	0
spot_465	0	0.0183233837328082	0.0685642330812785	0.622647862868813	0.0105922088810312	0.0184436060288531	0	0.261428705407216	0	0	0
spot_466	0	0.102679110921328	0.387259780676586	0	0.482692234024434	0.0273688743776513	0	0	0	0	0
spot_467	0	0.119814992878412	0.00991204963465931	0	0.0372686246453774	0.747420365641457	0	0	0	0.0855839672000949	0
spot_468	0.044374512169728	0.0763212661985981	0.0607284240320025	0	0	0.406886851750142	0.0294116414027674	0.382277304446762	0	0	0
spot_469	0	0.00445510271093842	0	0	0.315031730120571	0	0	0.117759359320283	0.5520399502836	0.010713857564608	0
spot_470	0	0.0139015539457315	0.00321688287038775	0	0	0.952848836399639	0	0.0300327267842423	0	0	0
spot_471	0	0.0557683682720144	0	0	0.944231631727985	0	0	0	0	0	0
spot_472	0	0.031996356290063	0	0	0.968003643709938	0	0	0	0	0	0
spot_473	0	0	0	0	0	1	0	0	0	0	0
spot_474	0	0.018283025436129	0.0126723530058429	0	0.0142618734101455	0	0	0.00453239906926481	0.950250349078617	0	0
spot_475	0.0274901097216153	0.220016635582079	0.104852918526823	0	0.364594303503409	0.27989088484745	0	0	0	0	0.00315514781862368
spot_476	0	0	0	0.00329506565842038	0.0254178274127071	0.967279175216708	0	0.00400793171216501	0	0	0
spot_477	0	0.0110204362796096	0	0.0128043726658083	0	0.20800037502374	0.00505141325831464	0.759109773094335	0	0	0.00401362967819236
spot_478	0	0	0	0	0.929756097102432	0.0702439028975675	0	0	0	0	0
spot_479	0.00548567538450143	0	0	0	0	0.218165251209418	0.00454164588599728	0.736047204401791	0	0.0357602231182935	0
spot_480	0	0	0	0.870302041817223	0.103419408044828	0	0	0.0262785501379492	0	0	0
spot_481	0.0116169501253422	0.142483501894502	0.0820581008231444	0	0	0	0.723546744197411	0	0	0	0.0402947029596014
spot_482	0	0	0.00471836856355466	0	0	0.39071546005303	0	0	0	0	0.604566171383415
spot_483	0	0.0205506684164064	0	0.0810609750892619	0.0525738666838996	0.627458275583233	0	0	0.218356214227198	0	0
spot_484	0	0.0490811390956992	0.0159972575585552	0	0.0178909127348508	0	0	0	0	0.831912661726904	0.0851180288839898
spot_485	0	0.341007389833997	0.5580262442896	0.00911966923372015	0	0	0	0.0918466966426821	0	0	0
spot_486	0	0.0526498408516005	0.0472485924349199	0	0.715530173660582	0.149235077807111	0	0.0214905676993783	0	0	0.0138457475464078
spot_487	0.044451138131961	0.111178649753208	0.134561203660999	0	0.0682314616908365	0.012103597816254	0	0.573943408811922	0	0.0555305401348202	0
spot_488	0	0.0175172761063797	0.0305311817733959	0	0.0515674782039032	0.695308978659643	0	0.149465603915376	0	0.0526374115786227	0.00297206976268041
spot_489	0	0.0553541021800332	0.00781706696627545	0.00221410782995964	0.0172972957184499	0.770057402710689	0	0.147260024594593	0	0	0
spot_490	0	0.172707003786593	0.285825022223277	0	0.0718970521720023	0.203299722714946	0	0.00126155701325827	0	0.255518753319108	0.00949088877081462
spot_491	0	0.301026672198399	0.0128035059016181	0	0.658532941301724	0.021206751070621	0	0	0	0	0.00643012952763762
spot_492	0	0.0378957837579067	0	0	0.0192236790384005	0.703345536438316	0	0.120171404903105	0	0.119363595862272	0
spot_493	0	0.0263552773068051	0.00660339302530335	0.522071016194507	0.027910556962237	0.316340831722761	0	0	0.100718924788387	0	0
spot_494	0	0.113566394092627	0.142390643181548	0	0	0.292872323414659	0	0	0.0421815419134642	0.20570443585205	0.203284661545652
spot_495	0.0415210212015553	0.494406646865422	0	0	0	0	0	0	0	0.464072331933023	0
spot_496	0	0.0602381221167963	0.0523322179273421	0	0.309796911155355	0.229884027302309	0	0	0.347748721498198	0	0
spot_497	0.0789016194172272	0.376241013753573	0.0125194965912653	0	0	0.0120308950551723	0	0	0	0.520306975182762	0
spot_498	0	0.00675070314730783	0	0.00478478112991952	0	0.988464515722773	0	0	0	0	0
spot_499	0	0.0133281145134749	0.0422409499950811	0.628802058476246	0.00490123897757301	0.0440541258149577	0	0.248574528017873	0	0	0.0180989842047942
spot_500	0	0.0430411455885725	0	0	0.95315592195824	0.00380293245318793	0	0	0	0	0
spot_501	0	0.0175472405697437	0	0	0	0.982452759430256	0	0	0	0	0
spot_502	0	0.0393831010261659	0.0624921403241856	0.109732634320099	0.195777331817876	0	0	0.424515176383602	0	0	0.168099616128071
spot_503	0	0	0	0.020528481983538	0	0.957205428326436	0	0	0.0222660896900262	0	0
spot_504	0	0.169436008141549	0.138820762989845	0	0.196307665707868	0.0547975113230679	0	0	0	0.20012345483439	0.24051459700328
spot_505	0	0	0	0.00669727352827703	0.00426237162072515	0.931470042472165	0	0	0.057570312378832	0	0
spot_506	0	0	0	0	0	1	0	0	0	0	0
spot_507	0	0.0464308798379733	0.00516413375441688	0	0	0.94840498640761	0	0	0	0	0
spot_508	0.00281668601078758	0.0865097421254702	0.0783998862165915	0	0.216520512520377	0	0	0	0	0.382143233083243	0.233609940043531
spot_509	0	0.0700409574577865	0.0289324486375145	0.494220680830152	0.127845783540754	0	0	0.277189617269041	0.00177051226475162	0	0
spot_510	0	0.00604788541929556	0	0	0	0.968749765136426	0	0.00735551697272367	0	0.0178468324715546	0
spot_511	0	0.0751859891081502	0.0189267587404348	0	0.893129879348371	0	0	0	0	0.0127573728030442	0
spot_512	0	0.0105297983142939	0	0	0	0.989470201685706	0	0	0	0	0
spot_513	0	0.352935208365483	0.521520716857506	0	0.099928809298252	0	0	0.0256152654787588	0	0	0
spot_514	0.0235264935750271	0	0.0140198252467973	0.184486211671962	0.382314155137915	0	0	0.290351278599293	0.105302035769006	0	0
spot_515	0	0.055441241028116	0	0	0	0.853481566728724	0.0910771922431598	0	0	0	0
spot_516	0	0	0	0	0.282352453319172	0.111763092225962	0	0.127992289450513	0.477892165004354	0	0
spot_517	0	0	0	0	0	1	0	0	0	0	0
spot_518	0	0	0	1	0	0	0	0	0	0	0
spot_519	0	0.010746783616265	0.00380748427119307	0	0	0.937772009996249	0	0	0	0.0476737221162934	0
spot_520	0	0.0422162663041767	0.0274904178796306	0	0.0107730184885698	0.909845977262169	0	0.00967432006545423	0	0	0
spot_521	0	0.157318686926967	0.156885540816421	0	0.202409623942061	0.453580924584016	0	0	0	0	0.0298052237305354
spot_522	0	0.0592139851921875	0	0	0.877145486781371	0	0.0636405280264414	0	0	0	0
spot_523	0	0	0.0318907117316616	0	0.0793598109794004	0	0	0.888749477288937	0	0	0
spot_524	0.0691049434395863	0.00997529839097056	0	0	0.861499402402817	0	0	0.059420355766626	0	0	0
spot_525	0	0	0.0245804105253735	0	0.42095353114689	0	0	0	0	0.554466058327737	0
spot_526	0.000733354970837918	0	0.00524380256832669	0	0	0.788217083912103	0.00384846519696396	0.132069908780866	0	0.0215094614362713	0.0483779231346314
spot_527	0	0.00626974469792427	0.0282734825122673	0	0.00211122867125361	0.837740234078689	0	0.0836578249969109	0	0	0.0419474850429544
spot_528	0	0	0	0	0.871376728809647	0	0	0.108720570606529	0	0.0199027005838243	0
spot_529	0	0	0	0	0	1	0	0	0	0	0
spot_530	0	0.0547984404093513	0.25133547859563	0	0.0789568924336176	0.0121920934154445	0	0	0	0	0.602717095145957
spot_531	0	0.0577447844327045	0.0183993034058818	0	0.694393348421131	0.00583967716845785	0	0.0322489225692129	0.182141565822307	0	0.00923239818030585
spot_532	0.0155975696028266	0.0160501234436491	0	0.0128576413993646	0.0179620642910801	0.00567549566302879	0	0.00197646908552225	0.929880636514528	0	0
spot_533	0	0.152137342359377	0.0471894080984298	0	0	0.708024246664182	0	0	0	0.0926490028780109	0
spot_534	0	0.0389382236551931	0.00355757097555002	0	0.0243919790493604	0.765006061619259	0	0.168106164700638	0	0	0
spot_535	0	0.0233332945338446	0	0	0.292907071831206	0	0	0	0.68375963363495	0	0
spot_536	0	0.0668595760596295	0.020633823669917	0.0690299734500243	0	0.839889510146269	0	0.00358711667416057	0	0	0
spot_537	0	0.0814737415192243	0	0	0	0.00540240371870459	0	0	0	0.723980497457213	0.189143357304858
spot_538	0	0.0993712048324567	0.242692001184158	0	0	0.14056069999668	0	0.128659724163431	0	0	0.388716369823275
spot_539	0.0727848682743671	0.268109182338132	0.0195015579144405	0	0	0.0142325659555524	0	0.180946886552639	0	0.444424938964869	0
spot_540	0.116353272659291	0.156639746428191	0	0	0	0.193503932718466	0	0	0	0.533503048194052	0
spot_541	0	0.021867554127864	0.0395872123052977	0	0	0.317824976915126	0	0.620720256651713	0	0	0
spot_542	0.0493558387561933	0.124342054979455	0.0086750621131045	0	0	0.660409468990084	0	0.157217575161163	0	0	0
spot_543	0	0.0280875379462077	0	0	0.961841362838189	0	0	0	0	0.010071099215603	0
spot_544	0	0.0221793794473232	0.0782003269335776	0	0.238440134610409	0.204299044583006	0	0.456881114425684	0	0	0
spot_545	0.147580232511557	0.0353319382701775	0.04340951713181	0.224514213443066	0	0.549164098643389	0	0	0	0	0
spot_546	0	0	0	0.872503780644648	0.0766108575384273	0.0508853618169252	0	0	0	0	0
spot_547	0	0.011486439508579	0.00920685303654757	0	0.586157899123412	0	0	0.142847795240541	0.250301013090921	0	0
spot_548	0	0	0	0.00204721383872509	0	0.0477501565028063	0	0	0.950202629658469	0	0
spot_549	0	0	0.0236405914028528	0.0135085986793732	0.893153020488234	0	0	0	0	0.0696977894295401	0
spot_550	0	0.315463288158267	0.673702088318707	0.0108346235230265	0	0	0	0	0	0	0
spot_551	0	0.026165710501836	0.0227321013733737	0.0858600385515836	0	0.150359484972401	0	0.714882664600805	0	0	0
spot_552	0	0.00796469295039355	0	0	0	0.168906934001559	0.00181854389852736	0.82130982914952	0	0	0
spot_553	0	0.019654925039268	0.0176469867358284	0	0.270505731675391	0.523649867613344	0	0.168542488936168	0	0	0
spot_554	0.100110421711808	0.183147097236765	0.0505773471240443	0	0	0.0282179008434673	0	0	0	0.637947233083916	0
spot_555	0	0.00929198578510144	0.0789985583836114	0	0	0.634251494903823	0.235152681107928	0.022313499435476	0	0.0199917803840601	0
spot_556	0.00391590230212716	0.00528512487172994	0.073504946853327	0	0.0461658252176263	0	0	0.507304500376939	0.36382370037825	0	0
spot_557	0.0544088712683665	0.0916152439190117	0.432866367663314	0	0	0	0	0.421109517149308	0	0	0
spot_558	0.0940972481682146	0.117482895895403	0.121771549643402	0	0	0.00790783216459027	0	0.65874047412839	0	0	0
spot_559	0	0.031320497512508	0	0	0.942595021877014	0	0	0.0260844806104771	0	0	0
spot_560	0	0.00110604583673716	0.00506465255370488	0	0.0232615472370828	0.7624341099153	0	0.0793906860090326	0	0	0.128742958448143
spot_561	0.0109952872576897	0	0.00618511761446892	0.968768595961108	0	0.0140509991667334	0	0	0	0	0
spot_562	0	0.113503311517422	0.0934601982564534	0	0	0.0278993914192513	0.553597074213752	0	0	0	0.211540024593121
spot_563	0	0.405638938259933	0.585353820534692	0.00900724120537531	0	0	0	0	0	0	0
spot_564	0.00297565129766411	0.167977516765995	0.180703858242186	0	0.463750303863825	0	0	0	0	0.184592669830329	0
spot_565	0	0.0110325009386046	0.0090397199310929	0.913874078013555	0	0.0660537011167474	0	0	0	0	0
spot_566	0	0.00950534949970881	0	0	0.0403142413843125	0.950180409115979	0	0	0	0	0
spot_567	0	0.0110401723811647	0.0143742109977186	0.185116640328347	0.119287449199851	0	0	0.670181527092919	0	0	0
spot_568	0.0821026586321967	0.31704806602093	0.4447787004861	0.00790682742815183	0	0.148163747432622	0	0	0	0	0
spot_569	0	0.196416624233759	0.286442234994995	0	0	0	0.406623917355341	0	0	0	0.110517223415905
spot_570	0	0.142099163729914	0.0310922770612198	0.0452563086680892	0	0.734826918832155	0	0.0467253317086224	0	0	0
spot_571	0	0	0	0	0.460157779541064	0	0	0	0.530387231063142	0	0.00945498939579329
spot_572	0	0	0	0.974175321778749	0.0258246782212513	0	0	0	0	0	0
spot_573	0.0108483230899739	0.187016734216854	0.1030783836144	0	0.035848497901256	0	0	0	0	0.583101184517956	0.0801068766595607
spot_574	0.608898977310935	0.0769056416484221	0.0311908273385089	0.165215320768318	0	0.0240719331383596	0	0.0708443633492602	0	0.0228729364461958	0
spot_575	0.0458773120619227	0.0453289973134852	0	0	0	0.180212950566664	0	0	0	0.728580740057928	0
spot_576	0	0.127963133727771	0.188225684227128	0	0.0109228011125898	0.644034002974332	0	0.0288543779581802	0	0	0
spot_577	0	0.0400152741751784	0.00744925482783709	0.755414596959838	0	0.197120874037147	0	0	0	0	0
spot_578	0.0209277944737707	0	0	0	0	0.909102238262231	0.0699699672639982	0	0	0	0
spot_579	0	0.0393277767297444	0	0	0.722299529846489	0.0729478299067459	0	0	0.165424863517021	0	0
spot_580	0.139297822375515	0.286384168995476	0.425012138713528	0	0	0.0755436557509654	0	0.0737622141645156	0	0	0
spot_581	0.0274540488302363	0.0216859442971074	0	0.00535121294149858	0.365371269506113	0.0695684842324557	0.118624984902925	0	0.391944055289664	0	0
spot_582	0	0.003751766571582	0	0	0.0465986935162523	0.949649539912166	0	0	0	0	0
spot_583	0	0.0130927616153657	0	0.0945825186062459	0.733491223815027	0.158833495963361	0	0	0	0	0
spot_584	0.00333247153645557	0.0037667852969861	0.0223035437340785	0	0	0	0	0.97059719943248	0	0	0
spot_585	0.0464435291103956	0.187443511565501	0.392102355953667	0	0	0	0	0.374010603370436	0	0	0
spot_586	0.0329320372868218	0.0621662936115232	0.143162475149734	0	0	0.732743567414006	0	0.0289956265379143	0	0	0
spot_587	0.0164317812149843	0.0326221202975355	0.0328126395830327	0	0.00169705321858647	0	0.0676105652203106	0.460848769902351	0	0.0289725988224558	0.359004471740743
spot_588	0.0169910313986459	0.0456433403948155	0	0	0	0.0151760849066214	0	0	0	0.922189543299917	0
spot_589	0.0890321782890529	0.0910989109461676	0.398748527741165	0	0	0.0701716222812966	0	0.350948760742318	0	0	0
spot_590	0.484863153675721	0.0068378262076725	0.037205650147199	0	0	0.181718550519367	0	0.220054934541607	0	0	0.0693198849084339
spot_591	0	0.195455058720433	0.130367351485507	0	0	0.233922831544841	0	0.408014931739168	0	0.0322398265100502	0
spot_592	0	0.259576115594618	0.0616682869233634	0	0	0	0	0.664934841024824	0.0138207564571943	0	0
spot_593	0	0	0	0	0	1	0	0	0	0	0
spot_594	0	0	0	0	0.0196946658453943	0.79968804609831	0	0.00853784404178118	0.172079444014515	0	0
spot_595	0	0	0	0	0	1	0	0	0	0	0
spot_596	0	0.0102146670067839	0	0	0.989785332993216	0	0	0	0	0	0
spot_597	0	0.00897656856269231	0	0	0.991023431437308	0	0	0	0	0	0
spot_598	0	0.0436676967783398	0.00934592532723035	0	0.94698637789443	0	0	0	0	0	0
spot_599	0.0375167628878481	0.237323458061265	0.725159779050887	0	0	0	0	0	0	0	0
spot_600	0	0.00674888140123701	0.00374126710375704	0	0.143348148542264	0	0	0	0	0.846161702952742	0
spot_601	0	0	0	0	0	0	0	1	0	0	0
spot_602	0	0.219422581258757	0.780577418741243	0	0	0	0	0	0	0	0
spot_603	0.0113867933937943	0	0	0	0	0.477698787015356	0	0	0.51091441959085	0	0
spot_604	0	0	0	0	0	1	0	0	0	0	0
spot_605	0.0167320020425673	0.00764959561769456	0.0119256676211365	0	0.822050120751617	0	0	0.105367233093872	0.0113375091419882	0.0249378717311245	0
spot_606	0	0.113913129280633	0.384642337891796	0	0	0.244919471313735	0	0.256525061513837	0	0	0
spot_607	0.0833659727727493	0.183601638521748	0.0133939863420471	0	0	0	0	0	0	0.686622795964825	0.0330156063986304
spot_608	0.0519499453406017	0.475631657112356	0.0181515664378675	0.0370097719603282	0	0	0	0.0350498486757138	0	0.313970791943121	0.0682364185300111
spot_609	0	0.0338209279168621	0	0	0.949477120549133	0.0167019515340054	0	0	0	0	0
spot_610	0	0	0	0.728844927507424	0.139431389095281	0	0	0.0214646521995893	0.110259031197706	0	0
spot_611	0	0.291397465094591	0.700047759527884	0.00855477537752491	0	0	0	0	0	0	0
spot_612	0	0	0	0	0	0.0128765950797071	0	0.987123404920293	0	0	0
spot_613	0	0.0351833185137827	0.00205228468295821	0	0.539443582920767	0	0	0	0.423320813882492	0	0
spot_614	0	0	0	0.312541069783611	0.647860227047684	0.0395987031687045	0	0	0	0	0
spot_615	0	0.084435739817472	0.00952806036088414	0	0.21760761993476	0.566426598649638	0	0	0.0784438847885381	0.0435580964487074	0
spot_616	0	0.00457408882286969	0.00495355784020208	0	0.00524303706292121	0.985229316274007	0	0	0	0	0
spot_617	0	0	0	0	0	1	0	0	0	0	0
spot_618	0	0.0912450502395588	0.0293923757816492	0	0	0.801107846745443	0	0	0	0.0782547272333494	0
spot_619	0	0.00589991516596042	0.0157361011436834	0	0.344106110419538	0.00831212916657368	0	0.625945744104244	0	0	0
spot_620	0	0.0291783495349581	0	0	0.136879464744025	0.833942185721017	0	0	0	0	0
spot_621	0	0	0	0	0.943539940533395	0.0564600594666051	0	0	0	0	0
spot_622	0	0	0	0	0	0.165228454005453	0	0.830489189156658	0	0	0.0042823568378883
spot_623	0	0.00599790310659104	0.00755261764811031	0	0	0.986449479245299	0	0	0	0	0
spot_624	0	0.0584138947999356	0	0	0	0.897257262760717	0	0.0121567788587281	0	0.0321720635806189	0
spot_625	0	0	0	0	0.449902935568958	0	0	0.344259350578672	0.20583771385237	0	0
spot_626	0.0374230456958231	0	0	0	0	0	0	0.962576954304177	0	0	0
spot_627	0.347954826639982	0.0476331567952646	0.0271227979596862	0	0	0.467103580734063	0	0.0349515608890365	0	0.0752340769819677	0
spot_628	0	0.0563622897568076	0.0232446428572143	0	0.0495154098159927	0.264964596019489	0	0	0.605913061550496	0	0
spot_629	0.00437702008152667	0.37032308819438	0.0336213148165959	0	0	0.0199570284594433	0	0	0	0.571721548448054	0
spot_630	0.0195646926095455	0	0	0.293954132673512	0.0150002427272043	0	0	0.671480931989738	0	0	0
spot_631	0	0.101174254180698	0.102220098242614	0	0.778682364152072	0.0179232834246166	0	0	0	0	0
spot_632	0	0.0354044104981269	0.0267841856880224	0	0.654265591274459	0.276627631000331	0	0	0	0	0.00691818153906072
spot_633	0	0.343958273148118	0.645042274678636	0.0109994521732469	0	0	0	0	0	0	0
spot_634	0	0	0	0.703777478067523	0.296222521932477	0	0	0	0	0	0
spot_635	0	0	0	0	0.532558241094515	0.456323767099702	0	0	0	0	0.0111179918057826
spot_636	0	0	0	0	0.414636624352938	0	0	0	0.101498007647544	0.483865367999518	0
spot_637	0	0.0127033813375676	0	0	0.0304803583871411	0.874089422859098	0	0	0	0.0827268374161929	0
spot_638	0.0396955032178828	0.0375147074341178	0.0208673592153588	0	0	0.584138260816498	0	0.317784169316143	0	0	0
spot_639	0	0.0125610355731663	0	0	0.0134420981775718	0.929086959101616	0	0	0.0175537116880538	0.0273561954595917	0
spot_640	0	0	0	0	0.135612039164	0.451812605093826	0	0.412575355742174	0	0	0
spot_641	0.0301649720850797	0.0125281275615085	0.0100391541396846	0	0.947267746213728	0	0	0	0	0	0
spot_642	0	0.0381573550946588	0.0472277972635557	0	0.0652073933944909	0.845248538208436	0	0	0.00415891603885911	0	0
spot_643	0	0	0.00100557074331505	0	0	0.929090424534676	0	0.0699040047220084	0	0	0
spot_644	0	0.0154704760115955	0	0.298910180666516	0.205744205986753	0.0123733794413925	0	0	0.467501757893743	0	0
spot_645	0.0310615626223	0	0	0.554455244252283	0.354910634707595	0.0370439650230612	0	0.0225285933947615	0	0	0
spot_646	0	0.00906907109579604	0.0561829334718738	0.838513800411435	0	0.0827085943860163	0	0.0135256006348787	0	0	0
spot_647	0.0277019765498813	0.197452600615201	0.628861939026028	0	0	0.145983483808889	0	0	0	0	0
spot_648	0	0.00478758959873173	0.030172458255324	0	0	0.671943500365403	0	0	0	0	0.293096451780541
spot_649	0	0.00895030600935203	0	0	0	0.647290176303453	0.158204922990305	0.18555459469689	0	0	0
spot_650	0	0.0097924537023472	0.0230563798175838	0	0	0.967151166480069	0	0	0	0	0
spot_651	0	0.0248034692657412	0.00152789324466185	0	0.651564954257993	0	0.232890127725327	0	0.0892135555062762	0	0
spot_652	0	0.206380888581457	0.490617190455499	0	0	0.0448968161426231	0	0.258105104820421	0	0	0
spot_653	0	0	0.02045404925934	0	0	0.700507352324153	0	0	0	0	0.279038598416507
spot_654	0.402880472198771	0	0	0.00172061933902734	0.0127443372940508	0.582654571168151	0	0	0	0	0
spot_655	0	0.0266604341115875	0	0.616798439452888	0	0.301642611992417	0	0	0.014123519279342	0	0.0407749951637661
spot_656	0	0.157234122424559	0.289700639189998	0	0	0.0566958810714301	0	0	0.496369357314012	0	0
spot_657	0	0.00946192718286296	0.0346310169194967	0	0.188809226185083	0	0	0.360091194687828	0.40700663502473	0	0
spot_658	0.0847503610645053	0.00839157509382497	0	0	0	0.90685806384167	0	0	0	0	0
spot_659	0	0.0403324643610553	0	0	0.796451769411739	0.163215766227206	0	0	0	0	0
spot_660	0	0.0233456452218605	0.0121870651961631	0	0.144378132105281	0.808667262276663	0	0	0	0	0.011421895200032
spot_661	0	0.0452225508984247	0	0.392065807482054	0	0.388386858719545	0	0.00854455619218061	0.165780226707795	0	0
spot_662	0	0	0	0	0	1	0	0	0	0	0
spot_663	0	0.0161576010077441	0	0	0	0.983842398992256	0	0	0	0	0
spot_664	0	0	0	0	1	0	0	0	0	0	0
spot_665	0.437048384696574	0.117465154116276	0.108828561993064	0	0	0	0	0.336657899194086	0	0	0
spot_666	0.0229943238400592	0.0359989520019472	0.0216970791511453	0	0.0853721108370505	0	0.0169314239940569	0.817006110175741	0	0	0
spot_667	0	0.0682290021487411	0.107791607330644	0	0	0.679288661704901	0.10424101528772	0.0404497135279935	0	0	0
spot_668	0.0383261902480519	0.0446728869245165	0.0730251378911031	0.026138384912419	0	0.564212043588022	0	0.253625356435888	0	0	0
spot_669	0.0124091084529236	0	0	0.625810115823701	0.180989487859769	0.170089967523259	0	0	0.0107013203403483	0	0
spot_670	0	0	0	0	0.00384751877584677	0	0	0.996152481224153	0	0	0
spot_671	0	0	0	0	0.127353938893864	0	0	0.863890350184947	0	0.00875571092118874	0
spot_672	0	0.00562250971983392	0.00961797051095304	0	0	0.733769815828785	0	0.102994290636563	0.0688412010176003	0.0791542122862648	0
spot_673	0	0.00558454509301647	0	0.0505285849746986	0.0119197746788334	0.823611773960608	0	0.106412392897001	0	0.00194292839584186	0
spot_674	0	0.0625414954288092	0	0	0.93745850457119	0	0	0	0	0	0
spot_675	0.062372337389124	0	0.0364644605073343	0	0	0	0	0.901163202103542	0	0	0
spot_676	0	0	0	0	0.477641418894323	0	0	0.50595345417885	0	0.0164051269268281	0
spot_677	0	0.0187355745056728	0.0360532381859757	0.0673350864802797	0	0.0322982856615675	0	0.845577815166504	0	0	0
spot_678	0	0.0852994161259363	0.0733587630063974	0	0	0	0	0.0733892185268808	0	0	0.767952602340785
spot_679	0.0156378274466115	0.0109475938021997	0.00457022700681491	0	0	0.968844351744374	0	0	0	0	0
spot_680	0	0.012236030417364	0.0989078471371064	0	0.795397685553761	0.0249180757005688	0	0.0685403611911993	0	0	0
spot_681	0	0	0	0	0.542568268886643	0.166564071724718	0	0.290867659388639	0	0	0
spot_682	0.018162807621669	0	0	0.560771836555803	0.298504904836397	0.122560450986131	0	0	0	0	0
spot_683	0.19219068506715	0.267641912931908	0.0143982854063399	0	0	0.0884869192052134	0	0	0	0.437282197389388	0
spot_684	0	0.196741903215251	0.183660608304902	0	0	0.24994732963873	0	0	0	0.369650158841116	0
spot_685	0	0	0	0.269658628871349	0.730341371128652	0	0	0	0	0	0
spot_686	0	0	0	0.0978314496682658	0.902168550331734	0	0	0	0	0	0
spot_687	0	0.0481784452640156	0.11092716751212	0	0	0.658966568041774	0	0.181927819182091	0	0	0
spot_688	0.115296286951813	0.0834991143956892	0.137296886582572	0	0	0.0688973706798517	0	0.584445474735853	0	0	0.0105648666542207
spot_689	0	0	0	0	0	0.953668458330355	0.00285400469858351	0.0434775369710614	0	0	0
spot_690	0.061673513012968	0.227425967338858	0.054079269322166	0	0	0.606703441890521	0	0.0501178084354868	0	0	0
spot_691	0	0.0225662006710306	0	0	0.80823280555921	0.169200993769759	0	0	0	0	0
spot_692	0	0.012093829409532	0	0	0.0186671890438219	0.290048749615926	0	0.0272710490524503	0.65191918287827	0	0
spot_693	0	0	0	0	0.333445008089471	0.00664638539432318	0.0236719381850326	0.61858189332257	0	0.0176547750086031	0
spot_694	0	0.0342370644295294	0.041694424616544	0.10693970078552	0	0.388319250431076	0	0	0.42880955973733	0	0
spot_695	0	0.0773025540885212	0.0118202891722106	0	0	0	0	0	0	0.360279503094624	0.550597653644644
spot_696	0	0.0607855215079256	0.00266470436420325	0	0.0122311760396141	0.739124752837577	0	0.185193845250679	0	0	0
spot_697	0.198823302506772	0.0576564131471049	0.275345198469334	0	0.0869167863166823	0	0	0.381258299560106	0	0	0
spot_698	0.0252800699595369	0.0928959915294951	0.0519594891821388	0	0	0.647384164847353	0	0.182480284481476	0	0	0
spot_699	0	0.0224806120445292	0.00392195041699421	0	0.710163140101105	0	0	0.263434297437371	0	0	0
spot_700	0.241590864588079	0.110213471531584	0.118476592731683	0.274650040816842	0	0.255069030331813	0	0	0	0	0
spot_701	0	0	0	0.09173276109145	0.0200593775319477	0.888207861376603	0	0	0	0	0
spot_702	0	0	0.0250045914173078	0	0	0.313943572967268	0	0.661051835615424	0	0	0
spot_703	0	0.0491585060502734	0	0	0.906197464350594	0.0446440295991323	0	0	0	0	0
spot_704	0	0.149077705425983	0.329863473510189	0	0.0160742201547434	0.0121012819061765	0	0.127234819059683	0	0.358668703818015	0.00697979612520948
spot_705	0.648962659844438	0.151234924231887	0.183381003607784	0.00817112882987257	0	0	0	0.0082502834860194	0	0	0
spot_706	0	0	0	0	0	1	0	0	0	0	0
spot_707	0	0	0	0	0.998570650739273	0	0	0.00142934926072715	0	0	0
spot_708	0.125679608351925	0.0279904390806903	0.017075052422852	0.171545531076642	0.383193272295775	0.0149569614724787	0	0	0	0.259559135299636	0
spot_709	0	0.0663629260713297	0.671689848899115	0	0.197147861366447	0.064799363663108	0	0	0	0	0
spot_710	0	0.146835019645846	0.00682277087712209	0	0.638182224373207	0.0453822163996873	0	0.128639363835333	0.0341384048688047	0	0
spot_711	0	0.141978208573672	0.078149750865837	0	0.0889258717961417	0.104754135006867	0	0	0	0.586192033757482	0
spot_712	0	0.00319920360454294	0.0752275785320499	0	0.21040518308365	0.15657529395748	0	0.554592740822278	0	0	0
spot_713	0.00594827603862642	0.183920285520709	0.288088855462298	0	0.522042582978366	0	0	0	0	0	0
spot_714	0	0.0349730772624318	0	0	0.0610661494650619	0	0	0	0	0.903960773272506	0
spot_715	0	0.0658421521860976	0.0615984487925611	0.517328698671564	0.00716805780558999	0.0466382031075794	0	0.301424439436607	0	0	0
spot_716	0	0.0156611058743739	0.00817259826825259	0	0.0449994656164027	0.565480161252455	0	0.148649720749847	0	0	0.217036948238669
spot_717	0	0	0	0	0	1	0	0	0	0	0
spot_718	0	0.00944262868674689	0	0	0.725513134671533	0.0355472319608723	0	0	0.229497004680847	0	0
spot_719	0	0.0579534898600177	0.184371739136068	0.722492132889274	0	0.0351826381146399	0	0	0	0	0
spot_720	0	0.012926028997287	0.0146681946605989	0	0	0.0110191501029971	0	0	0.911766422891533	0.0496202033475836	0
spot_721	0	0	0	0	0.666739948290009	0.0708899098636239	0	0	0.205034884604007	0	0.0573352572423598
spot_722	0.0727524337552466	0.232592964900724	0.0275501581453802	0.0118981037638339	0.00189259068560334	0.00523203725761881	0	0.0181833730531284	0	0.629898338438465	0
spot_723	0	0	0	0	0.0583436279479317	0	0	0.941656372052068	0	0	0
spot_724	0.00181763394876793	0.150821161586311	0.088228991848445	0	0.09402643917305	0	0	0	0	0.661848403937059	0.00325736950636748
spot_725	0.290979158983881	0.0474486320353331	0.0276744591392933	0	0.0136795703057114	0.620218179535781	0	0	0	0	0
spot_726	0	0.10965861649445	0.452339793954541	0	0	0	0	0.423112106608271	0.0148894829427374	0	0
spot_727	0	0.0189492877559241	0	0	0.0287344318130841	0.952316280430992	0	0	0	0	0
spot_728	0	0.00261265811256583	0	0	0.130517083337939	0.859873291938423	0	0	0	0.00699696661107252	0
spot_729	0.00848512708437566	0.10319600296265	0.0152455463501976	0.0437328174010306	0	0.816043979647102	0	0	0	0.0132965265546447	0
spot_730	0	0	0	0	0.307051759056801	0.397672588052052	0	0.0450761766900069	0.25019947620114	0	0
spot_731	0	0.0268853495429887	0	0	0.500711165973789	0.472403484483222	0	0	0	0	0
spot_732	0.0285589763194413	0	0	0.0127852572239031	0.216553878015478	0	0	0.742101888441178	0	0	0
spot_733	0.0553253142630568	0.0854017298103656	0.0501561102687397	0	0	0.667062329898948	0	0	0.14205451575889	0	0
spot_734	0	0.0518260287431044	0.00834241032732197	0	0	0.939831560929574	0	0	0	0	0
spot_735	0	0.393016463349618	0.551609076929168	0	0.0553744597212138	0	0	0	0	0	0
spot_736	0.00913865049820342	0.109189348070158	0.176266911602359	0	0	0.705405089829279	0	0	0	0	0
spot_737	0.0995247631309492	0.526703933287323	0	0.014100394793419	0	0.010191859870165	0	0	0	0.349479048918143	0
spot_738	0.0252774908389781	0.553847504017588	0.206571013354347	0.00482991382021057	0	0.209474077968877	0	0	0	0	0
spot_739	0.0324278144105714	0.0854901553643928	0	0	0	0.00991114657997535	0	0	0	0.872170883645061	0
spot_740	0	0.157246845287982	0.0782308547146127	0	0.215989905049383	0.530495069039185	0	0	0	0	0.0180373259088377
spot_741	0.227525558204838	0	0	0.0514560961015792	0.210232005815023	0	0	0.330002539798535	0.180783800080024	0	0
spot_742	0	0.00654112001910224	0.00349223608375708	0.00267956931421294	0.156391245750654	0.00731024862531995	0	0	0.823585580206954	0	0
spot_743	0	0	0	0.166060300511976	0.0432220583789794	0.790717641109045	0	0	0	0	0
spot_744	0.00274591326244029	0.213872548247124	0.242188492911819	0	0.541193045578616	0	0	0	0	0	0
spot_745	0	0.00327799079358723	0.000586635768032097	0	0.00832491969429655	0.984962887731735	0	0	0	0	0.00284756601234911
spot_746	0	0.0113186915398173	0	0	0.189111367945867	0.0432507894973658	0	0	0.75631915101695	0	0
spot_747	0	0.00838243420801139	0	0	0.0671315538539872	0.924486011938002	0	0	0	0	0
spot_748	0	0.0878575133103277	0.429832150065358	0	0.170149751059181	0.280619674461022	0	0	0	0.0315409111041113	0
spot_749	0.0280832490647064	0.635683346912123	0.197650920798351	0	0	0.00171837272018737	0	0.0760872086881956	0	0.0607769018164366	0
spot_750	0	0	0	0	0.0306442921245947	0	0	0.969355707875405	0	0	0
spot_751	0.162509589897241	0.118235855049811	0.307653733508053	0	0	0	0	0.411600821544895	0	0	0
spot_752	0.0304482991430041	0.0124371980287807	0	0.228891693560823	0.0244787309059151	0	0	0.00724942094489789	0.69649465741658	0	0
spot_753	0	0.00298440697608484	0	0.883229562829856	0.111602229129841	0	0	0	0.00218380106421838	0	0
spot_754	0	0	0	0	0	0.966664082506756	0	0.0145658575754514	0	0.0187700599177933	0
spot_755	0	0	0	0	0.437108249326705	0.00439294936460411	0	0.544187408185793	0	0.014311393122898	0
spot_756	0	0.00798234301544828	0	0	0.0365326241938801	0.907648266484715	0	0	0.0385677302055125	0.00926903610044473	0
spot_757	0.0142552067980872	0.0117925056286921	0	0	0.973952287573221	0	0	0	0	0	0
spot_758	0	0.0158093270611513	0.00271102049724631	0	0	0.981479652441602	0	0	0	0	0
spot_759	0	0.014232881951788	0	0	0	0.985767118048212	0	0	0	0	0
spot_760	0	0.00561444435855035	0	0	0	0.827538987067386	0.166846568574064	0	0	0	0
spot_761	0	0	0	0	0.620800162140922	0	0.186961654480434	0.192238183378643	0	0	0
spot_762	0	0	0	0	0	1	0	0	0	0	0
spot_763	0.185867314330138	0.112004562926356	0.0477586924269262	0	0	0.012812453614832	0	0.247523263355305	0.018997383259477	0.375036330086966	0
spot_764	0.0204381862645155	0.0636527735352974	0.0171256197653882	0	0	0.00981565090503675	0	0	0	0.866409179453778	0.0225585900759846
spot_765	0.0157007709777823	0.014721154494081	0.0235087614742912	0.0881523612438476	0	0.848581329608325	0	0.00933562220167349	0	0	0
spot_766	0	0.0402232055030266	0.0131084401444143	0	0	0	0	0	0	0.946668354352559	0
spot_767	0	0	0	0.0299250455102407	0	0.876429465604066	0	0	0.0936454888856935	0	0
spot_768	0	0.114864932916465	0.0222777961872887	0	0.619072708267354	0.232550501520713	0	0	0	0	0.01123406110818
spot_769	0	0.0461023949260441	0.0237283728590204	0.589127723156001	0.0074662889742869	0.0217282470882035	0	0.222191234299313	0	0	0.0896557386971307
spot_770	0	0	0	0.154932500107832	0.661014982519351	0.0869196927753175	0	0.0971328245974996	0	0	0
spot_771	0	0.00705746639452061	0.00129945845527787	0	0.0745479145900278	0.774935772004019	0	0.142159388556155	0	0	0
spot_772	0	0.00107522509112187	0	0.980988691384799	0	0.0179360835240796	0	0	0	0	0
spot_773	0	0.00904103183387851	0	0	0	0.990958968166122	0	0	0	0	0
spot_774	0	0.0190906011775395	0.0286041270092488	0	0	0	0	0.813968707008279	0	0	0.138336564804933
spot_775	0	0	0.0374871840953187	0.962512815904681	0	0	0	0	0	0	0
spot_776	0	0.213373157014261	0	0	0	0.0281373319658578	0	0	0	0.71787093348608	0.0406185775338021
spot_777	0	0.107387769071849	0	0	0	0.0144470402385633	0	0	0	0.821880214228198	0.0562849764613889
spot_778	0	0.265130907788793	0.198978695978988	0	0	0.100771321146326	0	0.435119075085894	0	0	0
spot_779	0	0.00815004484859445	0	0	0.767440484290918	0	0	0	0	0.224409470860488	0
spot_780	0	0.0184043591689497	0	0	0	0.98159564083105	0	0	0	0	0
spot_781	0	0	0	0	0.226264994568423	0	0	0	0.773735005431577	0	0
spot_782	0	0.0031232849581165	0.081124122741277	0	0	0	0	0.915752592300606	0	0	0
spot_783	0	0.0402121209782593	0	0	0.952378798053965	0	0	0	0	0.00740908096777495	0
spot_784	0	0.00414220024782876	0.00472980415163383	0.95527184299458	0	0.035856152605957	0	0	0	0	0
spot_785	0	0	0	0.507997242787253	0.379900103406647	0.0343822302706313	0	0	0.077720423535468	0	0
spot_786	0	0	0	0.31823672433889	0.294165564043125	0	0	0.372466396210134	0	0.0151313154078507	0
spot_787	0	0.0103716088228765	0	0	0.126953860232994	0.767710673627365	0	0	0.0949638573167648	0	0
spot_788	0	0.164656953252774	0.835343046747226	0	0	0	0	0	0	0	0
spot_789	0	0	0	0	1	0	0	0	0	0	0
spot_790	0	0	0	0	0.0295996021101066	0	0	0.899249006242615	0.0711513916472779	0	0
spot_791	0	0	0.0743856814732676	0	0.707858976226108	0.217755342300624	0	0	0	0	0
spot_792	0.213576175760184	0.0446220504389418	0.111018079428892	0	0	0	0	0.532771739209449	0	0	0.0980119551625333
spot_793	0	0.0178942054713395	0.00595342663548922	0	0.796776677685589	0.179375690207582	0	0	0	0	0
spot_794	0	0	0	0	0.0654698341030953	0.690077032226627	0	0.244453133670278	0	0	0
spot_795	0.0150418199329052	0	0	0	0	0.93992691054447	0	0	0.0450312695226248	0	0
spot_796	0	0.0178316156550578	0	0	0.0422742040008173	0.939894180344125	0	0	0	0	0
spot_797	0	0	0.0103938936693912	0.486287496077189	0.0516617509317507	0.45165685932167	0	0	0	0	0
spot_798	0	0.027619300034103	0.00413658180492952	0	0.244563178488287	0	0	0.196471153815238	0.527209785857442	0	0
spot_799	0	0.0229877866897541	0.0147089398469485	0	0	0	0	0.962303273463297	0	0	0
spot_800	0	0.0168663399266707	0.0612510857339551	0	0.191442430323892	0	0.102085389148956	0	0	0.628354754866527	0
spot_801	0	0.0113892600914816	0	0	0.875843408697413	0.0391194118557155	0	0.0736479193553898	0	0	0
spot_802	0	0.0840464440669233	0.0138733126832505	0	0.895125407163706	0	0	0	0	0	0.0069548360861197
spot_803	0	0.288444793296056	0.202418683904847	0	0.48831789491136	0	0	0	0	0.0208186278877356	0
spot_804	0	0.0708385817758439	0.0158998002903289	0	0	0	0	0	0	0.453086035323178	0.46017558261065
spot_805	0	0.0526943754614423	0.0118883044161852	0.119972164812179	0.0490190934834218	0.570803600337996	0	0.195622461488776	0	0	0
spot_806	0	0.039279166089221	0.506599291618108	0.0892751886429951	0	0.188089415506483	0	0.176756938143193	0	0	0
spot_807	0	0.0147360782088296	0.0358639280085683	0.419739862907011	0	0.450450048822639	0	0.0792100820529519	0	0	0
spot_808	0	0.00359407104924424	0	0	0.256786042732248	0.219193532250111	0	0.520426353968397	0	0	0
spot_809	0.00644950611397378	0.0117766760005142	0	0	0	0	0	0	0	0.981773817885512	0
spot_810	0.0389530582229404	0.0273942976257493	0.0797998230647559	0	0.00809541222892945	0.0670100827411973	0	0.778747326116428	0	0	0
spot_811	0.0178690593409901	0.00805311402740434	0	0.120628843174818	0.853448983456788	0	0	0	0	0	0
spot_812	0	0	0	0	0.732971542292998	0	0	0	0.256600597279646	0	0.0104278604273555
spot_813	0	0.00289178465703711	0	0	0.120411087672718	0.0581171681432755	0	0.81857995952697	0	0	0
spot_814	0	0.0590160189614461	0.339702594234375	0	0	0.16293603974204	0	0	0	0	0.438345347062139
spot_815	0	0.0606182861635756	0.025958661199959	0	0.856797778830203	0.0308749301223701	0	0	0	0	0.0257503436838923
spot_816	0	0.0240043499865798	0	0	0	0.975995650013421	0	0	0	0	0
spot_817	0.164533911198149	0	0.0975377106830439	0.00341936899550173	0.733138958059175	0	0	0	0.00137005106413095	0	0
spot_818	0	0	0	0.0367315202340301	0.617986615236473	0.203364203781347	0	0	0.14191766074815	0	0
spot_819	0	0.0375350754492964	0.0398886996228896	0	0.0111771874360074	0.903095403164353	0	0.00830363432745312	0	0	0
spot_820	0.0337715161412767	0.106167777059776	0.570961557592323	0	0.180445392165465	0.108653757041159	0	0	0	0	0
spot_821	0	0	0	0	0.140182651284746	0	0	0.859817348715254	0	0	0
spot_822	0	0.0325322284926479	0	0	0.820161051443781	0	0	0.147306720063571	0	0	0
spot_823	0	0.102447935373492	0.141260309598665	0	0	0	0	0.756291755027844	0	0	0
spot_824	0	0.0081696891892068	0	0.0529849802922508	0.0277718425297234	0	0	0	0	0.911073487988819	0
spot_825	0	0	0	0	0.229741199382147	0.0496189188105783	0	0.0219528687665452	0.698687013040729	0	0
spot_826	0	0.0226051003958718	0	0	0	0.977394899604128	0	0	0	0	0
spot_827	0	0.0420286728889575	0	0	0.736389711697887	0	0	0.199665396125248	0	0.0219162192879075	0
spot_828	0	0.0140063312558012	0	0	0.98457344272572	0	0	0	0	0	0.00142022601847889
spot_829	0	0	0.0054342770380609	0.400662534265033	0	0.145406231228362	0	0	0.125820348611305	0	0.322676608857239
spot_830	0	0	0	0	0	1	0	0	0	0	0
spot_831	0	0	0	0	0	0.910696949762588	0	0.0681270511504491	0	0	0.0211759990869626
spot_832	0	0.0797267177043502	0	0	0.920273282295649	0	0	0	0	0	0
spot_833	0	0.0265751204693527	0.0650492115442181	0	0.155598402452922	0.622732496617382	0	0.130044768916125	0	0	0
spot_834	0.000894244593753168	0.0104036574510172	0.0279450231540756	0	0	0.288034443769057	0.0233643158006573	0.64935831523144	0	0	0
spot_835	0	0	0	1	0	0	0	0	0	0	0
spot_836	0	0.0109684217959322	0	0	0.981866041397661	0	0	0.00716553680640658	0	0	0
spot_837	0	0.031319005035564	0	0	0	0.968680994964435	0	0	0	0	0
spot_838	0	0.0245606700079949	0.0145125874479383	0	0.082854457147157	0.065708170234988	0	0	0.542936913359062	0.26942720180286	0
spot_839	0.213829047371078	0.360952378593342	0.234443019755464	0	0	0.0218520087006849	0	0	0	0.168923545579431	0
spot_840	0.0452311066970524	0.0513716984263818	0	0	0	0.759171473229053	0	0	0.144225721647514	0	0
spot_841	0	0.0162287399724416	0	0	0	0.983771260027558	0	0	0	0	0
spot_842	0	0.0346452308976156	0.00309062749577748	0	0.341078853335081	0	0	0.621185288271526	0	0	0
spot_843	0.0217927910904291	0	0	0	0	0.00427467461641584	0	0.973932534293155	0	0	0
spot_844	0	0.0217428314984804	0.0217428314984804	0	0.155934422216026	0.0853137902674513	0	0.715266124519562	0	0	0
spot_845	0	0	0	0	0	0.89869353126417	0	0	0	0	0.101306468735831
spot_846	0.239590075271707	0.0417061445469705	0.171243201002557	0	0	0	0	0.547460579178765	0	0	0
spot_847	0	0.00467310039726053	0.00533861929484192	0.942708114694309	0.00463178685443428	0.0413546464239057	0	0.00129373233524846	0	0	0
spot_848	0.019928207756525	0.0040647055756085	0	0.647463801736897	0.27542379213594	0.0531194927950293	0	0	0	0	0
spot_849	0	0.00331001923115575	0	0.190397870628313	0.229106490696247	0.559610570497303	0	0.017575048946981	0	0	0
spot_850	0	0.135465093040255	0	0	0.464579329197967	0.399955577761778	0	0	0	0	0
spot_851	0	0	0	0	0	1	0	0	0	0	0
spot_852	0	0.000938557974825103	0.0211947288939322	0.150539330076513	0.649813001400458	0	0	0.173348579632072	0.00416580202219866	0	0
spot_853	0.011783694862047	0.0936356862735504	0.0256768823465275	0	0	0.617256751255726	0	0.031029345722339	0	0.22061763953981	0
spot_854	0.00878379252018622	0	0	0	0	0.87467570381338	0	0	0.116540503666434	0	0
spot_855	0	0.122551528233921	0	0	0.195211607273622	0.39798829509845	0	0	0.0370012000427705	0.247247369351238	0
spot_856	0	0.00269544283267421	0	0.0599991688220332	0	0.937305388345293	0	0	0	0	0
spot_857	0	0	0	0	0.640240506239807	0.0857779449513847	0	0	0.273981548808809	0	0
spot_858	0	0.0320724706560324	0.00406634318143762	0	0	0.96386118616253	0	0	0	0	0
spot_859	0	0.00199082230908163	0	0	0.201481226953384	0	0	0.796527950737534	0	0	0
spot_860	0.0152164811377632	0	0	0.764796144801325	0.112867800459908	0.0979951681412021	0	0.00912440545980183	0	0	0
spot_861	0.0268024549172217	0.0303455999544805	0.0991090944221335	0.0038120072585255	0.0158966906459374	0	0.010278981944549	0.813755170857152	0	0	0
spot_862	0	0.0507394732730483	0.0115694729067863	0	0	0.782703943402956	0	0	0	0.154987110417209	0
spot_863	0	0	0.0109778205170482	0.778716250776722	0.109855258568243	0	0	0.100450670137986	0	0	0
spot_864	0	0.00756563572237006	0.00379539999782068	0	0.0718587952320501	0	0	0.916780169047759	0	0	0
spot_865	0	0	0	0	0.289640286474798	0.154563763236478	0	0.388996633787706	0.166799316501018	0	0
spot_866	0	0	0	0.0899721177762316	0.00472709222235174	0.224301425217241	0	0	0.0223458600408803	0	0.658653504743296
spot_867	0	0.0573319276351639	0.290056558902384	0	0.172485803915721	0.480125709546731	0	0	0	0	0
spot_868	0.119898180105878	0.26171386289989	0.260558679101447	0	0	0	0	0.357829277892785	0	0	0
spot_869	0	0.014403538853055	0.111442648341096	0	0.0512261304150241	0.471763433469625	0	0.3511642489212	0	0	0
spot_870	0	0.187100348368278	0.330426295497404	0	0	0.0522692667822727	0	0.430204089352045	0	0	0
spot_871	0	0.0147984653108579	0	0.149721289116533	0.02630063898891	0.539082104654976	0	0	0.270097501928722	0	0
spot_872	0.042865814184173	0.0280751816331323	0.0931585460622605	0	0	0.00635693586955216	0	0.829543522250882	0	0	0
spot_873	0	0.0293405554235244	0.00180359697143876	0	0	0.968855847605037	0	0	0	0	0
spot_874	0	0	0	0	1	0	0	0	0	0	0
spot_875	0.0758785337164022	0.0186263603450895	0.00534677671461898	0.781103840518837	0	0.119044488705052	0	0	0	0	0
spot_876	0	0	0	0	0	1	0	0	0	0	0
spot_877	0.00241395725089295	0.300149201533592	0.145887713961598	0	0.551549127253917	0	0	0	0	0	0
spot_878	0	0.0654723517857194	0	0	0	0.0110850780249344	0	0	0	0.923442570189346	0
spot_879	0.040583621784109	0.15292264483764	0.0292708817379436	0	0.719184137577176	0	0	0	0.0580387140631316	0	0
spot_880	0	0.0178226738439948	0	0	0.982177326156005	0	0	0	0	0	0
spot_881	0	0.107512855579888	0.0446540511777101	0	0.139441856792258	0.159191492926805	0	0	0.316898380085247	0.232301363438092	0
spot_882	0	0	0	0	0.0242512206268663	0	0	0.975748779373134	0	0	0
spot_883	0	0	0	0.993556301873104	0	0.00644369812689613	0	0	0	0	0
spot_884	0.19664531406856	0.295161672324784	0.319848639495263	0	0.188344374111394	0	0	0	0	0	0
spot_885	0.00975987711593721	0	0	0.638736443344078	0.0421121463250593	0	0	0.256379304297878	0.0530122289170478	0	0
spot_886	0	0.324720036586776	0.235124567373754	0.0124406778326418	0.236543408803648	0	0	0.19117130940318	0	0	0
spot_887	0	0.0279742091870423	0	0	0.972025790812958	0	0	0	0	0	0
spot_888	0	0	0	0	0.228192832044177	0.771807167955824	0	0	0	0	0
spot_889	0	0.0907971334576243	0.0327936693319862	0	0	0.833263125431387	0	0.043146071779003	0	0	0
spot_890	0	0.0310120564202322	0.0141951830868183	0	0	0.542363855061741	0	0.171684123220371	0	0.240744782210838	0
spot_891	0	0.0088901273155188	0	0	0.991109872684481	0	0	0	0	0	0
spot_892	0	0.0316931602294175	0.0180527883083306	0	0	0.353026943394715	0	0.241458117448616	0.355768990618921	0	0
spot_893	0	0.0706269386251032	0.0159791590155822	0	0.896547832120179	0.0168460702391351	0	0	0	0	0
spot_894	0	0.0732755759055648	0.139912571775954	0	0.0289272397489551	0.0243090633381814	0	0	0.733575549231344	0	0
spot_895	0.0105981563945348	0.434462717194781	0.185201277126381	0	0	0	0	0.0764430892983645	0.0242125392710596	0.269082220714879	0
spot_896	0	0	0	0.301609922769811	0.0374471770327743	0.590043539261286	0	0	0.0173251207839548	0	0.0535742401521735
spot_897	0	0.0245259650910886	0	0	0	0.540873916142307	0	0.434600118766605	0	0	0
spot_898	0.00190753608844049	0.185250762122847	0.0665856509667106	0	0.746256050822002	0	0	0	0	0	0
spot_899	0.368506743051375	0.0829854403799208	0.281631445269506	0	0.12477194963233	0	0	0.142104421666868	0	0	0
spot_900	0	0	0	0	0	1	0	0	0	0	0
spot_901	0.0599582973579539	0.114474635546478	0.430803087107772	0	0	0	0	0.394763979987796	0	0	0
spot_902	0	0	0.0135369329795976	0.00652132887002688	0.11382727394039	0	0	0.539409105779294	0	0	0.326705358430692
spot_903	0	0	0	0.226251393967649	0.639544085226895	0.134204520805457	0	0	0	0	0
spot_904	0	0	0	0.0123537999653257	0.729596150862311	0	0	0.241025956964209	0.0102570377657873	0.00676705444236809	0
spot_905	0	0	0	0.00696052101557381	0.107473471541639	0	0	0.875343218643286	0	0.0102227887995005	0
spot_906	0.0190297223090141	0.157558265044272	0.10772969406794	0	0	0	0	0	0.00935839817180399	0.0529958654404072	0.653328054966563
spot_907	0	0.0104037048283796	0	0	0.98959629517162	0	0	0	0	0	0
spot_908	0	0.0240646183688059	0	0	0.83581758355488	0	0	0	0	0.140117798076315	0
spot_909	0	0.00393572626058064	0	0	0.449549652192794	0	0	0.546514621546625	0	0	0
spot_910	0	0.0203981743241386	0	0	0	0.979601825675861	0	0	0	0	0
spot_911	0	0	0	0.0294385239467541	0.186132633068019	0.776138261032054	0	0	0	0	0.00829058195317303
spot_912	0.00462167234422435	0.295105115127388	0.218428184389892	0	0.327722656895516	0	0	0	0	0	0.154122371242979
spot_913	0	0	0	0	0	0.999999999999999	0	0	0	0	0
spot_914	0	0	0	0	0	0.693068624948024	0	0.0942581414797689	0.212673233572207	0	0
spot_915	0	0.0175445093996825	0.0292724242928573	0	0.397662291318682	0.0875714113915094	0	0.153340771149014	0.314608592448255	0	0
spot_916	0.00748241075623437	0.0138328410869649	0.0138328410869649	0	0	0.00497538781252096	0	0.0303411925183641	0	0.929535326738951	0
spot_917	0	0.0279997505717759	0.0142190261248757	0	0.322640660483555	0	0	0	0.477561387658239	0.157579175161555	0
spot_918	0	0	0.00995993550519634	0	0	0.267018294339384	0	0.575268649794066	0.147753120361354	0	0
spot_919	0	0	0	0	0	0.984167787404602	0	0	0	0.0158322125953973	0
spot_920	0	0.0414525754797443	0.00480560518196777	0	0.0498219679785266	0.730034812020584	0	0.166869948606256	0	0.0070150907329212	0
spot_921	0	0.0617802939176584	0.0479405527982215	0	0	0.890279153284121	0	0	0	0	0
spot_922	0	0	0	0.977823878996985	0.0165403439847889	0.00563577701822592	0	0	0	0	0
spot_923	0	0.0155538718860475	0	0.284925123403975	0.529485294046859	0.0733856323469991	0	0.0966500783161202	0	0	0
spot_924	0	0.0227726046889831	0.0547855148259669	0	0	0	0	0.92244188048505	0	0	0
spot_925	0	0.107864457623405	0.283416195283612	0	0	0.103182421496683	0	0.5055369255963	0	0	0
spot_926	0	0	0	0.198207913292681	0.023618784097433	0.778173302609885	0	0	0	0	0
spot_927	0	0.0383695456252206	0.0540682468782037	0	0.907562207496576	0	0	0	0	0	0
spot_928	0	0.13882651905001	0.0228137411243418	0.078994972979981	0	0	0	0.458329648616758	0	0.0721452611299367	0.228889857098973
spot_929	0.0479239530433854	0.078530090898395	0.375760923829835	0	0.497785032228384	0	0	0	0	0	0
spot_930	0	0	0	0	0	0.931111213197449	0	0	0	0.0688887868025511	0
spot_931	0	0.0103149517461032	0.024771599920377	0.963637058736304	0	0	0	0	0.00127638959721608	0	0
spot_932	0	0.0413309236421112	0.000880909506657693	0	0	0.89816959117325	0	0.0376907745807701	0	0.0219278010972114	0
spot_933	0	0.00221925576148507	0.0229056085302483	0.092595783863587	0	0.151158430587447	0	0	0	0	0.731120921257233
spot_934	0	0.0269231326146816	0.0369600178664042	0	0	0.905914361978113	0	0.0302024875408014	0	0	0
spot_935	0	0	0	0.926891407208328	0.0564687601362266	0.0166398326554457	0	0	0	0	0
spot_936	0	0.179454821093486	0	0	0	0.0109231315439412	0	0	0	0.776988680299016	0.0326333670635578
spot_937	0	0.0698146202479233	0	0	0.486485586947684	0.369321198744475	0	0.0322791207311044	0	0.0420994733288131	0
spot_938	0.00194004466349932	0.227352875435809	0.688443378333648	0	0.0822637015670431	0	0	0	0	0	0
spot_939	0	0.0770477784203245	0.0361875373931118	0	0	0	0	0.859058606234648	0	0	0.0277060779519163
spot_940	0.0532802869250088	0.105143635247846	0.228248806060122	0	0	0	0	0.613327271767023	0	0	0
spot_941	0	0.0512182234949212	0.0335224558301868	0	0.583532392451054	0.231312608964513	0	0.0903757635413719	0	0	0.0100385557179524
spot_942	0.316889619023833	0.238160500745215	0.391522295757684	0.00857948789138967	0	0.0257133441341911	0	0.0191347524476869	0	0	0
spot_943	0	0.0143246573507509	0.0208129270979743	0.210566183736444	0.754296231814831	0	0	0	0	0	0
spot_944	0	0.00870559187316877	0	0.00255688047784089	0.0245161400674936	0.947833058227548	0	0	0	0.0163883293539492	0
spot_945	0	0	0	0.417560765285384	0	0.520238185631288	0	0	0.0358184376990177	0.0263826113843104	0
spot_946	0	0	0.00814112153295696	0.26095729370805	0.0214976955795131	0.660555759071747	0	0	0.0154102625522276	0	0.0334378675555059
spot_947	0	0	0	0	1	0	0	0	0	0	0
spot_948	0	0.00108145264289399	0	0	0.0874487169025717	0.898556341080981	0	0.0129134893735533	0	0	0
spot_949	0.48630987520186	0.255070013698622	0.0345069781513352	0	0	0.0419166935426501	0	0	0	0.182196439405533	0
spot_950	0	0.0962871592296346	0	0	0	0.0160461074515399	0	0	0	0.837159883584595	0.0505068497342305
spot_951	0	0.0885082401413967	0.016441916073154	0.0398795336808311	0	0.711292597498698	0	0.14387771260592	0	0	0
spot_952	0.0652435256103388	0.268760755342804	0.0513114875910873	0	0	0	0	0.125273198567442	0	0.489411032888328	0
spot_953	0	0	0.0359989023319261	0.964001097668075	0	0	0	0	0	0	0
spot_954	0	0.0627426297894752	0.0492093863112172	0	0	0.888047983899308	0	0	0	0	0
spot_955	0.0158217146318599	0.0502784798174203	0.146839239731354	0	0.038296630353824	0	0.575562306882681	0.0404382094620464	0	0.123530538130768	0.00923288099004733
spot_956	0.0448004156303011	0.535310095194941	0.0129957601035072	0.0201375655730644	0	0.0143808587982091	0	0	0	0.372375304699977	0
spot_957	0	0.0667660593093106	0.231190062815703	0	0.294328371912879	0.344244809697145	0	0.0634706962649623	0	0	0
spot_958	0	0.0633494602378403	0.0722886653067082	0	0.517599628696721	0.33279188731988	0	0	0	0	0.0139703584388498
spot_959	0	0.00436327866248458	0	0	0.13857948312497	0	0	0	0.857057238212545	0	0
spot_960	0	0.00741209906876393	0.00840859454378819	0	0.0185039997618037	0	0	0.10667384816769	0.859001458457955	0	0
spot_961	0	0.0390749551053742	0	0.471729596549835	0.146103325016799	0.145261969840243	0	0	0.00218773662789802	0.195642416859851	0
spot_962	0	0	0	0	0	1	0	0	0	0	0
spot_963	0	0	0	0	0.650381574488683	0.349618425511317	0	0	0	0	0
spot_964	0	0.00919628440907003	0.00135503939511342	0	0.258176964852817	0	0	0.0320239217536078	0.699247789589392	0	0
spot_965	0.014259421535519	0	0.0114041190823353	0.351235816573009	0.0062186712557111	0	0	0.273859118765426	0	0	0.343022852787999
spot_966	0	0.0301932314855843	0	0	0.245022184754239	0.694717578647632	0	0	0	0.0300670051125452	0
spot_967	0.0373965238405338	0.161602950469466	0.801000525690001	0	0	0	0	0	0	0	0
spot_968	0	0.0128305075447748	0.00669580684107858	0	0.0438834641062175	0.911697499068289	0	0	0	0	0.0248927224396401
spot_969	0	0.0100549912877422	0	0.00385672164995652	0.0774489551272169	0.908639331935085	0	0	0	0	0
spot_970	0.502865883445068	0.0201359618990816	0	0	0.211511298172818	0.00761760339747605	0	0.00418301580868025	0.253686237276877	0	0
spot_971	0	0.0260596368700642	0	0	0.92935705304843	0	0	0	0.0445833100815058	0	0
spot_972	0	0.0126204399940689	0	0	0	0.987379560005931	0	0	0	0	0
spot_973	0.0538152484354348	0.56947421891224	0.0972415397679482	0	0	0.0143823477430959	0	0	0	0.265086645141281	0
spot_974	0	0.00455136688161139	0	0	0.662776947358856	0.019927627320489	0	0	0	0.312744058439045	0
spot_975	0.0638496947338015	0.00393514225982613	0.00672445750969623	0	0	0.925490705496676	0	0	0	0	0
spot_976	0	0.0823659276876964	0.0460757119524866	0	0	0.660100167180305	0	0.0247426128243462	0	0.186715580355166	0
spot_977	0	0	0	0	0	1	0	0	0	0	0
spot_978	0	0.00389139596880576	0	0	0	0.996108604031195	0	0	0	0	0
spot_979	0	0.043221700686771	0	0	0.956778299313229	0	0	0	0	0	0
spot_980	0	0.0127884268599765	0.0158084730855036	0	0.00881570496858152	0.921873966455682	0	0	0	0.0407134286302563	0
spot_981	0	0.0250843206878352	0	0.00105708937538137	0.232540808533454	0.608281313680813	0	0	0.133036467722517	0	0
spot_982	0.134026090736394	0.38922536719927	0	0.021344775115909	0	0	0	0	0	0.371261616228425	0.0841421507200027
spot_983	0.0456638037530274	0	0.0011614065527376	0	0.0356111261370113	0.50191627758428	0	0.398090008968539	0.0175573770044048	0	0
spot_984	0	0.0790101931712936	0	0	0.823436100931138	0	0	0	0	0.0975537058975685	0
spot_985	0.0683327449864806	0.258373129706977	0	0	0	0	0	0	0.0738245621530902	0.599469563153452	0
spot_986	0	0.0171570335314171	0	0	0	0.911269923990561	0	0.0715730424780217	0	0	0
spot_987	0	0.0346783140678012	0.00864479383345803	0	0	0.428054489804135	0	0.461639181909894	0	0	0.0669832203847119
spot_988	0	0	0.0722369459211263	0	0.016514574251159	0.0624813906594749	0	0.84876708916824	0	0	0
spot_989	0	0	0	0.729999200005907	0.229367243965663	0.0280997605782318	0	0.0125337954501987	0	0	0
spot_990	0.161326745946008	0.290810839702331	0.107574016017287	0	0.0193850662209863	0.114503032066368	0	0	0	0.30640030004702	0
spot_991	0	0.101963031478177	0.0410741096348695	0	0	0.544908356402876	0	0.287772550237948	0	0.0242819522461291	0
spot_992	0	0.0082345184071183	0	0	0.637762139996365	0.173956221222941	0	0.180047120373575	0	0	0
spot_993	0	0.0129173371818471	0.0261855085149265	0	0.537466662503863	0.423430491799363	0	0	0	0	0
spot_994	0	0	0	0	1	0	0	0	0	0	0
spot_995	0	0.0701571420985506	0.156037995668897	0	0.677531472781932	0.0079309991882122	0	0.074480971729307	0	0	0.0138614185331011
spot_996	0	0	0	1	0	0	0	0	0	0	0
spot_997	0	0.115755844032261	0.0221822994702849	0	0.45146135790706	0	0	0	0.410600498590394	0	0
spot_998	0.00838729859625266	0.0206231613014097	0.0279289908341232	0.165955419650028	0.0200580622584005	0	0.75257702642784	0	0	0.00447004093194592	0
spot_999	0	0.0178432548941611	0	0.325868169746043	0	0.0461275403738174	0.596818543591289	0	0	0.0133424913946895	0
spot_1000	0	0.0291864560827767	0	0	0.00935084056225169	0.378589691248384	0	0	0.582873012106588	0	0
