B	CD4Tconv	CD8Tex	Endothelial	Fibroblasts	Malignant	Mast	Mono.Macro	Myofibroblasts	Plasma	Tprolif
spot_1	0	0.307327283728679	0.361865743446852	0	0.330806972824469	0	0	0	0	0	0
spot_2	0.0216949374999126	0	0.0491119630742232	0	0	0.443659178036856	0	0.410980219990001	0	0	0.0745537013990074
spot_3	0	0.0884291794513422	0.132311033670137	0	0.021638146057045	0.14578785213663	0	0	0.383211324121242	0.228622464563604	0
spot_4	0	0.00346528642039521	0	0	0.0104640371034024	0.840875568414973	0	0.0034093807516274	0	0	0.141785727309602
spot_5	0	0	0	0	0	0.97118772468482	0	0	0	0.02881227531518	0
spot_6	0	0	0	0.676983875797162	0.138016222226409	0.115604542718331	0	0.0693953592580974	0	0	0
spot_7	0	0.0165945222258507	0	0	0	0.983405477774149	0	0	0	0	0
spot_8	0	0.378221650076756	0.0185891162236096	0.0235600215523622	0	0.449211287457956	0	0	0.0108420510663307	0.119575873622986	0
spot_9	0	0	0	0	0.321530382616198	0	0	0.664823803495766	0.0136458138880359	0	0
spot_10	0	0	0	0	0.95206526880555	0	0	0	0.0479347311944504	0	0
spot_11	0	0.0175376372334173	0	0	0.499478293194447	0.143360646643842	0.137623711913603	0.00860023892582004	0	0.193399472088871	0
spot_12	0.169844830888736	0.0322999406975533	0.0099555535919682	0	0.0292428616304369	0	0	0	0.383565512723213	0.375091300468093	0
spot_13	0	0.128993246126434	0.156881610589149	0.110970413251766	0.0675372984027959	0	0	0.535617431629856	0	0	0
spot_14	0.0853748193199897	0.0383982308168989	0.148719629819342	0	0	0	0	0.72750732004377	0	0	0
spot_15	0	0.00516124763044065	0	0.949915990919647	0	0	0	0	0.0442380639807579	0.00068469746915441	0
spot_16	0.0374997804180244	0.0159034192059307	0.00706052751319187	0	0	0.903894372176405	0	0	0	0.0356419006864472	0
spot_17	0.0196673660416404	0.0430146571716969	0.00232435050677218	0	0	0.805264254536812	0	0	0	0.129729371743078	0
spot_18	0	0	0	0	0.00911892892836455	0	0	0.990881071071635	0	0	0
spot_19	0	0.0368492242725478	0	0	0	0.963150775727452	0	0	0	0	0
spot_20	0	0	0	0	1	0	0	0	0	0	0
spot_21	0	0.00110180597999899	0.0242903812612594	0.371223752087911	0	0.593989131988609	0	0.00939492868222244	0	0	0
spot_22	0	0.0236104817535956	0.0114860930263235	0	0.217067007469135	0.740882777341737	0	0	0.00488387734570741	0	0.00206976306350097
spot_23	0	0.0208941703161769	0.0135540808046486	0.893705106305334	0	0.0718466425738408	0	0	0	0	0
spot_24	0	0.0963423393864375	0.0154409233324621	0	0.859099931393724	0.0291168058873759	0	0	0	0	0
spot_25	0	0.045646598421054	0	0	0	0.954353401578946	0	0	0	0	0
spot_26	0.125385816842436	0.0247586197930294	0	0	0	0.819477277597572	0	0.030378285766963	0	0	0
spot_27	0	0.171848703008817	0.3713799212972	0	0	0.125048141071412	0	0	0.177776395238123	0.153946839384449	0
spot_28	0	0.0160769492304205	0	0	0.877122736354379	0	0	0.106800314415201	0	0	0
spot_29	0	0.0425757689179996	0	0	0.923440627124132	0	0.0339836039578686	0	0	0	0
spot_30	0	0.0750391700151396	0.0178642970994209	0	0	0.0028671118649164	0	0.769037369310544	0	0.135192051709979	0
spot_31	0.0665154756502125	0.120047735706559	0.23801129010879	0	0	0	0	0.575425498534439	0	0	0
spot_32	0	0.14903408393424	0.0769717585639872	0	0.773994157501773	0	0	0	0	0	0
spot_33	0	0.00310106260411114	0	0.491280335239468	0.436726701251934	0	0	0	0.0688919009044871	0	0
spot_34	0	0.0264692622508756	0.00360081472451856	0	0	0.0844590016332176	0	0.885470921391388	0	0	0
spot_35	0	0	0	0	0.54672100418804	0	0	0.317759842192399	0.135519153619561	0	0
spot_36	0.0280990876480474	0.571392731022868	0.0197091965253034	0	0	0.248875186771605	0	0	0	0.131923798032176	0
spot_37	0	0.00784755128622351	0	0	0.0110020493587708	0.625932072598675	0	0.35521832675633	0	0	0
spot_38	0	0	0	0.539568032419791	0.271058910244421	0	0	0	0.0605469874919734	0.128826069843815	0
spot_39	0	0.0336748098601143	0	0	0	0.911559920751856	0.0547652693880303	0	0	0	0
spot_40	0	0.0389810037891774	0.10274484174993	0	0.0793455965819755	0.734962710686809	0	0.0156385624589552	0.0283272847331523	0	0
spot_41	0	0	0	0.445756999571127	0.249596276981762	0.281459954861131	0	0.023186768585981	0	0	0
spot_42	0	0	0.0190969410635153	0.216077867880559	0.237062671647949	0.527762519407976	0	0	0	0	0
spot_43	0.0786072813800922	0.0411720611307429	0	0	0	0	0	0	0	0.880220657489165	0
spot_44	0.0643142856479406	0.0830466972306665	0.237652986616574	0	0	0	0	0.614986030504819	0	0	0
spot_45	0	0	0	0	0.989967858812753	0.00436231029924857	0	0	0	0	0.00566983088799884
spot_46	0.448544375319495	0.233690553367968	0.0671770712952851	0	0	0	0	0	0	0.250588000017251	0
spot_47	0	0	0	0	0.226862514316217	0	0	0.681562714108154	0.0915747715756286	0	0
spot_48	0	0.207869330827713	0.0301356944639506	0	0.0105120565981697	0.62186562925349	0	0	0.128606368348543	0	0.0010109205081337
spot_49	0	0.00856161778413717	0.0118123357788468	0.724785860099131	0	0.23449955426065	0	0	0.0203406320772356	0	0
spot_50	0	0.0271598898968792	0.00335612152386739	0	0	0.969483988579254	0	0	0	0	0
spot_51	0	0.0219872488870506	0	0	0	0.97801275111295	0	0	0	0	0
spot_52	0	0	0	0.749323300383509	0.221739490340355	0.0176842133143812	0	0.0112529959617551	0	0	0
spot_53	0	0.00612542191086628	0	0	0.993874578089134	0	0	0	0	0	0
spot_54	0	0.00135319904094946	0	0.112011627744403	0.0243601499571276	0.86227502325752	0	0	0	0	0
spot_55	0	0.0144719769775423	0	0	0	0.785813859327754	0	0.199714163694704	0	0	0
spot_56	0	0.00514742461731715	0.020198334306069	0	0.208667947499485	0.23677861480973	0	0.529207678767399	0	0	0
spot_57	0	0.0420831516316041	0.0132284039612855	0	0.897032317130893	0	0	0	0	0.0385204937137943	0.00913563356242322
spot_58	0	0	0	0	0	0.990851432207869	0	0	0	0	0.0091485677921306
spot_59	0	0	0	0	0.333266479411489	0	0	0.274158696760239	0.392574823828272	0	0
spot_60	0	0.00646868192682346	0.0077579611000737	0	0.942545555769135	0.00886626507662272	0	0	0.034361536127345	0	0
spot_61	0	0.00909086861267606	0.0148846270404698	0.976024504346854	0	0	0	0	0	0	0
spot_62	0	0.0290058021126932	0	0.720909673446795	0	0	0	0	0	0.250084524440512	0
spot_63	0	0	0	0	0.351599827526861	0.0495265995088221	0	0.598873572964317	0	0	0
spot_64	0	0	0	0	0.0670508569612465	0	0	0.797752706738714	0.135196436300039	0	0
spot_65	0.0253924496618026	0.0181606644978029	0.0037590784262296	0	0	0.951711892349234	0	0	0	0	0.000975915064930143
spot_66	0	0.00245730975923199	0	0	0.181152522306238	0.81639016793453	0	0	0	0	0
spot_67	0	0.0142546567198536	0.132658629434097	0	0.71815713771145	0.124906533779437	0	0.0100230423551622	0	0	0
spot_68	0	0	0	0	0	1	0	0	0	0	0
spot_69	0	0.0352705441084397	0.0026206667215403	0	0	0.524519327363371	0	0.43758946180665	0	0	0
spot_70	0.00349761777684093	0.0411858018461175	0	0	0	0.889368665758352	0	0	0.062016345966016	0.00393156865267369	0
spot_71	0.0832522182104547	0.31271879265222	0	0	0	0	0	0	0	0.604028989137325	0
spot_72	0	0	0	0.0231620526797717	0.234118181062801	0.647370330072913	0	0	0.0953494361845146	0	0
spot_73	0	0.0691816151677548	0.022617215682772	0	0.0362322979360454	0.33604137313839	0	0.535927498075037	0	0	0
spot_74	0	0.0338990785394092	0.001586300539659	0	0	0.953185643127527	0	0.0102716027772261	0	0	0.00105737501617855
spot_75	0	0	0.0112568639245871	0.89549344386104	0	0	0	0.0885969539862144	0	0.00465273822815804	0
spot_76	0.184679651530823	0.275376456299081	0.421515830575574	0	0	0.0960183350923771	0	0.0224097265021451	0	0	0
spot_77	0	0.0403283526634551	0.00969533600809575	0	0.00105297504298838	0.904196140865986	0	0.0122781742806626	0	0.0324490211388123	0
spot_78	0	0	0	0	0	1	0	0	0	0	0
spot_79	0	0.0428913467592076	0	0	0.634014645528028	0	0	0.306374911069846	0.0167190966429182	0	0
spot_80	0	0	0	0.921816034652647	0.0541108827565629	0.024073082590791	0	0	0	0	0
spot_81	0	0.0681543419349106	0.0220375362631679	0	0.0407606698009327	0	0	0.724667216753238	0.0268530156060405	0.117527219641711	0
spot_82	0.0126723248135801	0.00879064402983863	0.016181261834831	0.808848081651208	0	0.00758956331475451	0	0	0	0.00350791864353201	0.142410205712257
spot_83	0	0	0	0	0	1	0	0	0	0	0
spot_84	0	0.0303023806878733	0	0	0.737660005687729	0	0	0.232037613624397	0	0	0
spot_85	0.480736676948744	0.220308023318451	0.0188810927257767	0	0	0.0471338621975914	0	0	0	0.232940344809437	0
spot_86	0.0445705768482975	0.15745370884043	0.255063881726064	0	0	0.268462096110091	0	0.208090569709226	0.0539132403445652	0.00947385888138962	0.0029720675399361
spot_87	0	0.0505687536365112	0.0190893942442016	0	0	0.930341852119288	0	0	0	0	0
spot_88	0.0230919214046075	0.155609537548037	0.0144128526771037	0	0	0.00285853231907174	0	0.0811199744267468	0	0.710930350944384	0.0119768306800484
spot_89	0	0.00390697238583126	0	0	0.138650913331201	0.857442114282968	0	0	0	0	0
spot_90	0.0690656637742016	0.113275651048638	0.0701928144581129	0	0.042893480241144	0	0	0	0.423809926406043	0.28076246407186	0
spot_91	0	0.00452425119284869	0	0	0.926032873099248	0.0694428757079043	0	0	0	0	0
spot_92	0	0.00153489474320154	0.000741145331493167	0.0807704042644563	0	0.717592217030752	0	0	0.00275899636205658	0	0.19660234226804
spot_93	0	0	0	0	0.0847240925986839	0	0	0.807238997529655	0.108036909871662	0	0
spot_94	0	0.048442538734974	0.110424382335398	0	0	0.571837348326395	0.269295730603232	0	0	0	0
spot_95	0.0344468528883425	0.00625606710254485	0.0617696542962492	0	0.0277690779385839	0.634000219141167	0	0.235758128633113	0	0	0
spot_96	0	0.0192273161988507	0.0164196190635436	0	0.720892842125638	0	0.243460222611968	0	0	0	0
spot_97	0	0	0	0	0	1	0	0	0	0	0
spot_98	0	0.111557944798143	0.0313462682859167	0	0.857095786915941	0	0	0	0	0	0
spot_99	0	0.009298564462221	0	0	0.947746360149529	0.0429550753882503	0	0	0	0	0
spot_100	0.130325692903081	0.00103130906788062	0	0	0.0218398844902324	0.257387548990633	0.281436181344833	0	0	0.30797938320334	0
spot_101	0	0.0136161170394013	0	0	0.000460504163997915	0.0790700790612223	0	0.296786454823176	0	0	0.610066844912202
spot_102	0	0.00880971071700053	0	0	0.972506339269522	0	0	0	0	0.018683950013478	0
spot_103	0.0273441291645322	0.0171063360549288	0.0134063084243692	0.929768136835424	0	0.0123750895207456	0	0	0	0	0
spot_104	0	0.0180771743201439	0	0	0.0520270812469816	0.929895744432875	0	0	0	0	0
spot_105	0	0.0295405624281167	0.00964887064325769	0	0	0	0	0.960810566928625	0	0	0
spot_106	0	0.0466587402938351	0	0	0.894551517216229	0.00320660511345934	0	0.0555831373764769	0	0	0
spot_107	0.0295693056295211	0	0	0.650014353548125	0.0337812565117102	0.101494737230329	0	0.185140347080315	0	0	0
spot_108	0	0.00832728313825595	0	0.469573570892878	0.522099145968866	0	0	0	0	0	0
spot_109	0	0.0345179488413121	0.0436213886079876	0	0.0149415713316864	0.906919091219014	0	0	0	0	0
spot_110	0	0.0556306682214275	0	0	0.00320757039047829	0.649866332720896	0	0.0995482341567766	0	0.191747194510421	0
spot_111	0	0.0229850635494507	0.0276577391551355	0	0.0132382492298244	0.876056407249875	0	0	0.0279799761460553	0	0.0320825646696589
spot_112	0	0.018029452099827	0.00359394870517746	0	0	0.8673205369319	0	0.0292019464740871	0	0.0300357845069295	0.0518183312820796
spot_113	0	0.0115781179939285	0	0.261411187967781	0.689817187418916	0	0	0	0	0.0371935066193745	0
spot_114	0	0	0	0.020240902761603	0	0.979759097238397	0	0	0	0	0
spot_115	0	0.0210396699010092	0.00931407189548276	0	0.943270137917065	0	0	0	0.0121427705935165	0.0142333496929262	0
spot_116	0.214630923097741	0.0357644405764002	0.109290145415056	0	0	0.272290249848902	0	0.368024241061901	0	0	0
spot_117	0	0.045531412964625	0.0146432380440073	0	0	0.301976912111015	0	0.637848436880352	0	0	0
spot_118	0	0.0332005695760367	0.0494341271488591	0	0.228673519287105	0.335222478387021	0	0.2847688677346	0.0687004378663778	0	0
spot_119	0	0	0	0	0.756398407396489	0.239917566820524	0	0	0	0	0.00368402578298683
spot_120	0.0045004878041051	0.0347791762160154	0.0223918432050579	0	0	0.765154104025076	0	0	0	0.173174388749746	0
spot_121	0.0555758856028965	0.197782909613055	0.500429344860845	0	0	0.246211859923204	0	0	0	0	0
spot_122	0	0	0	0	0	1	0	0	0	0	0
spot_123	0.12684918017472	0.0009747795327459	0.0271641316714409	0.6871727204174	0	0.157839188203693	0	0	0	0	0
spot_124	0	0.0142965686043848	0.197979689044101	0	0.747464518751175	0.0402592236003392	0	0	0	0	0
spot_125	0	0	0	0	0.784732643776898	0.0268750607542543	0	0	0.188392295468848	0	0
spot_126	0	0	0	0	0.0100323050660211	0	0	0.989967694933979	0	0	0
spot_127	0	0.0292278232406231	0	0	0	0.781696959049158	0	0.189075217710219	0	0	0
spot_128	0	0.0100322189307062	0	0.768403466345494	0.188055278543855	0.0216932615700374	0	0.0118157746099071	0	0	0
spot_129	0	0.06981096677878	0.0207322839315571	0	0.871188383431947	0	0	0	0.0382683658577155	0	0
spot_130	0	0.0149848308870487	0.0137618091509082	0	0.0764553581312332	0.0156485271831996	0	0	0.879149474647611	0	0
spot_131	0	0.0326978886291018	0	0	0.00244811149250614	0.00553936544619293	0	0	0	0.959314634432199	0
spot_132	0	0	0	0	0.97923019312278	0.00492426001253802	0	0	0.0158455468646822	0	0
spot_133	0	0.0078802369819941	0	0	0.0995670034286711	0.892552759589335	0	0	0	0	0
spot_134	0	0.016651901651941	0	0	0.956205870313638	0.00694329055881453	0.0201989374756069	0	0	0	0
spot_135	0	0	0.0175460443265082	0	0.0864276891684183	0.892800748567153	0	0.00322551793792032	0	0	0
spot_136	0	0	0	0.497531621051259	0	0.044986923893567	0.0295827940743603	0.427898660980814	0	0	0
spot_137	0	0.00149406381477934	0.0027689728657542	0.0230134356625769	0.163893845550237	0.0946296197074006	0	0.317264801500311	0.0207923454748665	0.376142915424074	0
spot_138	0	0.00398626012528669	0	0	0.969382963210814	0	0	0	0	0.0266307766638993	0
spot_139	0	0.0191164036344559	0.0228508902197857	0	0.954126329504711	0.00390637664104803	0	0	0	0	0
spot_140	0	0	0	0	0.856137750294802	0	0	0.143862249705198	0	0	0
spot_141	0.0594782416262684	0	0	0	0	0.88633109760987	0.0541906607638617	0	0	0	0
spot_142	0.140622673964801	0.0359266472516387	0.0165825896064985	0.700649223880826	0	0.0663672657488471	0	0	0	0.0398515995473879	0
spot_143	0	0.00571565575553877	0	0	0.568669413842486	0.0977718970250631	0	0.00723535926925275	0.320607674107659	0	0
spot_144	0.00361722502284078	0	0	0	0.855453932917191	0	0	0.140928842059968	0	0	0
spot_145	0	0.0150655605158822	0.0629801112666361	0.0170935258324322	0.890130541529241	0	0	0.0147302608558081	0	0	0
spot_146	0	0	0	0.339878680916019	0.66012131908398	0	0	0	0	0	0
spot_147	0.0359924748823315	0.0850773653517841	0.00399114834897077	0	0	0.0026989309808082	0	0.625765354783636	0	0.24647472565247	0
spot_148	0.0254268460598071	0.0501248882132916	0.0826421532365524	0	0.0256530091449345	0.0520137907184901	0.210890436658116	0	0.550145926819159	0	0.00310294914964881
spot_149	0	0.0104342316818037	0	0.854283868030798	0	0.122733686838166	0	0	0.0125482134492316	0	0
spot_150	0	0.00102908821785688	0	0	0	0.998970911782143	0	0	0	0	0
spot_151	0	0	0	0.171081892100435	0.702225604896483	0.109850229143554	0	0.0168422738595277	0	0	0
spot_152	0	0.0474615446171368	0	0.904375674535051	0	0.0481627808478131	0	0	0	0	0
spot_153	0	0.0484667089849851	0	0	0.423568497139869	0.468835288267437	0	0.0591295056077088	0	0	0
spot_154	0	0.0266603590719732	0	0	0	0.482114247616531	0	0.491225393311496	0	0	0
spot_155	0	0	0.02386426019195	0.0630548836082319	0.406083762568998	0.452320715079763	0	0.0546763785510565	0	0	0
spot_156	0	0.0244372729388971	0	0	0	0.657753556530273	0	0.132090760269561	0	0	0.185718410261269
spot_157	0	0.119884788109271	0.0258480834436872	0	0.854267128447042	0	0	0	0	0	0
spot_158	0	0.228451005985509	0	0	0.268853767368612	0.0313758257417788	0	0.432000728065607	0.0393186728384929	0	0
spot_159	0	0	0	0	0	1	0	0	0	0	0
spot_160	0.036138575188306	0.238105492828554	0.0585099539400698	0	0	0.00733804133738531	0	0.408050305214071	0	0.251857631491615	0
spot_161	0.0276983885998581	0.161287244907997	0.811014366492145	0	0	0	0	0	0	0	0
spot_162	0	0.125185877149776	0.102457926603202	0	0.0525901674800019	0.716199406613051	0	0.0035666221539692	0	0	0
spot_163	0	0.00691224582447189	0	0	0	0.99182658361206	0	0.00126117056346853	0	0	0
spot_164	0.0443999603334265	0.0110010898405032	0	0	0	0.812628361515464	0.0783663117289742	0.0536042765816319	0	0	0
spot_165	0.0347997892051152	0.00100620425439233	0	0	0.0199868483315761	0.550635176426854	0.393571981782063	0	0	0	0
spot_166	0	0.0024157951304297	0	0	0.108009289382383	0.239973379777782	0.0978331248228667	0	0	0.551768410886538	0
spot_167	0	0.00507632555898432	0.00608380215832891	0	0.988839872282687	0	0	0	0	0	0
spot_168	0	0	0	0	0.0811472944341131	0	0	0	0.918852705565886	0	0
spot_169	0	0	0	0	0.891539878765882	0.00536989029443974	0	0.103090230939679	0	0	0
spot_170	0	0.00305398757829664	0	0	0.147691009124579	0.849255003297125	0	0	0	0	0
spot_171	0	0	0	0	1	0	0	0	0	0	0
spot_172	0	0	0	0	0.0132299448741654	0.111582084376465	0	0.87518797074937	0	0	0
spot_173	0.0161791867526768	0.0163977430175217	0.0669151487115726	0	0.0106316866158161	0.170136910535695	0	0.719739324366717	0	0	0
spot_174	0.00851481936949727	0.0715617789470979	0.0129922947753952	0	0	0	0	0.375972830771825	0	0.530958276136185	0
spot_175	0	0.0373323463794829	0.0121931267754828	0	0.0376827150211363	0.0599362123564948	0	0.852855599467403	0	0	0
spot_176	0.0634606059090048	0	0.0184187727956464	0.170070957185418	0.0346150597707172	0.101088454800985	0	0.397679597101855	0.214666552436373	0	0
spot_177	0	0	0	0	0.192237114583871	0.00162700563940693	0	0	0.103627716943537	0.702508162833184	0
spot_178	0.00343797681391981	0.0194249690092444	0.0045411719196066	0.00815274850327086	0	0.942256048084361	0	0.0221870856695972	0	0	0
spot_179	0	0	0	0	0.74319534586555	0.253716282610871	0	0.0030883715235787	0	0	0
spot_180	0	0.0223210686481363	0.00237300793954719	0.0886901655411453	0	0.850764057009683	0	0	0.0170649773136105	0.0187867235478772	0
spot_181	0	0.121189532884707	0.160295028020917	0.148822434936084	0	0	0	0.0639077299650597	0	0	0.505785274193233
spot_182	0	0.0254311354594109	0	0	0.00375930630086545	0	0	0	0.0189731157402636	0.866349065131115	0.0854873773683453
spot_183	0.0194597142511204	0.089100481537293	0.221127049431171	0	0.159535881622694	0.0456474072388301	0	0	0	0.465129465918892	0
spot_184	0	0.0300179302039608	0.0419810761814142	0	0	0.0470537333039883	0	0.880947260310637	0	0	0
spot_185	0	0.117290495775379	0.00819629956634475	0	0.564898548923939	0.309614655734338	0	0	0	0	0
spot_186	0	0	0	0	0.194454158301555	0.805545841698444	0	0	0	0	0
spot_187	0.0199600834264591	0.0789066201715461	0.0128288950839777	0	0	0.592539773267677	0	0.0457323888731999	0	0.25003223917714	0
spot_188	0.0187272550379245	0	0	0	0	0	0	0.981272744962076	0	0	0
spot_189	0	0	0	0	0.102958476424211	0	0	0	0	0.897041523575789	0
spot_190	0	0	0	0	0.436098181958102	0.563901818041899	0	0	0	0	0
spot_191	0	0	0	0	0.855863433070014	0	0	0.144136566929986	0	0	0
spot_192	0	0.0063503282996579	0.00760801588114093	0	0.982610003795493	0.00343165202370826	0	0	0	0	0
spot_193	0.0786054521542266	0.134679330730227	0	0	0	0	0.393387605726138	0.0173478779458844	0.0331432410685855	0.342836492374938	0
spot_194	0	0.000895997945978396	0	0	0	0.999104002054022	0	0	0	0	0
spot_195	0	0	0	0	0.137268407611731	0.707945967239845	0	0	0.154785625148424	0	0
spot_196	0	0.00875888631184914	0.0341789002219122	0	0	0	0	0.957062213466239	0	0	0
spot_197	0	0	0	0	1	0	0	0	0	0	0
spot_198	0.0222286230310734	0	0	0	0	0.067836373775352	0	0.909935003193575	0	0	0
spot_199	0	0	0	0	0.130694237729725	0	0	0	0.0650725190793644	0.804233243190911	0
spot_200	0	0.00931568820302836	0	0	0	0.926575199649605	0	0	0.0641091121473664	0	0
spot_201	0.0518617995031882	0.0793615883601562	0.133813226022473	0	0	0	0	0.471536543956862	0.0447771962090422	0.164540366461262	0.0541092794870165
spot_202	0	0	0	0	0	1	0	0	0	0	0
spot_203	0	0	0	0.947921794108831	0	0.0441968121943812	0	0.00788139369678797	0	0	0
spot_204	0	0.0533494542211031	0.0174264788405224	0	0.45707634956952	0	0	0.239872589169084	0.106596588962469	0.125678539237301	0
spot_205	0	0.195400960650121	0.0464599687172827	0	0.758139070632597	0	0	0	0	0	0
spot_206	0	0.0499954854799863	0.0196324160644809	0	0	0.0669041866823283	0	0.863467911773204	0	0	0
spot_207	0	0.0236419710324606	0.0255665160349754	0	0	0.950791512932564	0	0	0	0	0
spot_208	0	0.0666353650792544	0.0251516876518009	0.423302455896983	0.0442517446677007	0.415736224018424	0	0	0.0249225226858366	0	0
spot_209	0.0711217198165502	0.393694514007239	0.223111863104567	0	0	0	0	0.142151802918919	0	0.164487509249407	0.00543259090331879
spot_210	0	0	0	0	0.0822312295196308	0	0	0	0.0580211964267875	0.859747574053582	0
spot_211	0	0	0	0	0.457858895232611	0	0	0.354566078181807	0.187575026585582	0	0
spot_212	0	0.00662874058553932	0.00401260305952881	0	0.0782714417530647	0.0279068245528093	0	0	0.0798792125242605	0.803301177524797	0
spot_213	0	0	0	0	0.762273050603564	0.0465271456114944	0	0.191199803784941	0	0	0
spot_214	0	0	0	0	0	1	0	0	0	0	0
spot_215	0.0243147038027526	0.0155796323931185	0.0138589113166415	0	0.327075860837469	0.00525318394895798	0	0.0320375719489024	0	0.581880135752158	0
spot_216	0.100069623302182	0.312774501269619	0.570709921761439	0	0	0.0164459536667599	0	0	0	0	0
spot_217	0.116296283844907	0.194564371780798	0.00343415137620285	0	0	0	0	0	0	0.685705192998092	0
spot_218	0	0.00490581606884498	0.0528673660269384	0	0.213949902906105	0.703005298538838	0	0.0252716164592736	0	0	0
spot_219	0.00757248416886411	0.00646466623812455	0.00304342192590107	0.00294249425709526	0.111030622797444	0	0	0.868946310612571	0	0	0
spot_220	0.0119509666104942	0.00739334623649123	0.0139108717979841	0.928126329062312	0	0.0386184862927183	0	0	0	0	0
spot_221	0	0.0160001087617299	0.0785225749693403	0.544123310149914	0.205315436373683	0	0	0	0.156038569745333	0	0
spot_222	0.0290134707733068	0.0253933358403085	0.113793447978323	0	0	0	0	0.256207707215364	0.569242018795416	0	0.00635001939728139
spot_223	0	0.0677059014718845	0.123734645326964	0	0.0128307172460971	0.032398832623037	0	0.763329903332018	0	0	0
spot_224	0	0	0	0	0.94800768012124	0.00532591588193419	0	0.0466664039968264	0	0	0
spot_225	0	0.0859695543438324	0	0	0.894744638683521	0	0	0	0.0192858069726462	0	0
spot_226	0	0	0	0	0.0171212291301576	0.95555497523019	0	0	0	0	0.0273237956396525
spot_227	0	0.0773068764815203	0.0471653405265575	0	0.875527782991922	0	0	0	0	0	0
spot_228	0	0	0	0.255579284879882	0	0.726283080089819	0	0.0181376350302988	0	0	0
spot_229	0	0.00621289101308764	0	0	0.327791597078219	0.641467300527971	0	0	0	0	0.024528211380722
spot_230	0.0439524701038506	0.0254573997370772	0.0217167579913584	0.808150153542949	0.0970602035298864	0.00366301509487914	0	0	0	0	0
spot_231	0	0.0189552683960896	0.027005077937993	0	0.639117028600051	0.0608052984246868	0.126187169325214	0	0	0.127930157315965	0
spot_232	0	0	0	0	0	1	0	0	0	0	0
spot_233	0	0	0	0	0.032775317395336	0	0	0.967224682604664	0	0	0
spot_234	0	0.0794724119104902	0.0180335276915605	0	0.902494060397949	0	0	0	0	0	0
spot_235	0	0.0438183681726716	0.00895898814435653	0.111578371111156	0.00951597474444829	0.335254846745201	0	0.490873451082167	0	0	0
spot_236	0	0.129458258960795	0.821493722699695	0	0.0468219128271471	0	0	0	0	0	0.00222610551236339
spot_237	0	0.0257749854803735	0.00389242884091626	0	0.00930745442206351	0.0209067021845847	0	0	0	0.940118429072062	0
spot_238	0	0.00647104703151862	0	0	0.936816972382809	0.0231837782029424	0	0.0335282023827295	0	0	0
spot_239	0	0.00714296299521526	0	0	0.00930539361196744	0.983551643392818	0	0	0	0	0
spot_240	0	0.00302094551139633	0	0	0.478262950919608	0	0	0	0	0.518716103568996	0
spot_241	0.0234529926485479	0.0628196295733571	0.15396745519974	0	0.44599900490127	0	0	0	0.00994036622886999	0.303820551448215	0
spot_242	0.0279756576774113	0	0	0	0.246711077971002	0	0	0.703691514516174	0.021621749835413	0	0
spot_243	0	0.00529813204915887	0	0	0.000504524495913565	0.775605412409697	0	0.183336373952239	0	0	0.0352555570929919
spot_244	0	0.000951119710587195	0	0	0	0.999048880289413	0	0	0	0	0
spot_245	0	0	0	0	0	1	0	0	0	0	0
spot_246	0	0.00582772759112203	0	0.946533379086697	0	0	0	0	0.0476388933221805	0	0
spot_247	0.0169542682979811	0.0358316644852607	0.0689375044176874	0	0.0133369757138634	0.133488918718457	0	0.0440050494825535	0.687445618884197	0	0
spot_248	0	0.106360327367858	0.227209411888318	0	0.666430260743824	0	0	0	0	0	0
spot_249	0.0808645745806518	0.00277294516764274	0	0.638070386071358	0	0.251006128458639	0	0.0272859657217079	0	0	0
spot_250	0.199492180835434	0.00641878194996809	0.0924523570604474	0	0	0	0	0.701636680154151	0	0	0
spot_251	0.355514961629666	0.286142564794934	0.00641683469407818	0	0	0	0	0	0	0.351925638881321	0
spot_252	0.0207183520150885	0	0	0.0113708552507113	0.0213267067275252	0	0	0	0	0.946584086006675	0
spot_253	0	0.0318637306203894	0	0.13791626686486	0.00560007436902506	0.77773944113056	0	0.046880487015165	0	0	0
spot_254	0	0.0126387355945746	0	0	0.145199766156962	0.824971730422144	0	0.0171897678263195	0	0	0
spot_255	0	0	0	0	0	0.529144767811665	0	0.288704474607547	0.182150757580788	0	0
spot_256	0	0	0	0	0.354781352535906	0.0767223440034812	0	0.568496303460613	0	0	0
spot_257	0	0.0620820219809377	0	0	0	0.0267875029728203	0	0	0	0.868181163281313	0.0429493117649291
spot_258	0	0	0	0	0.897826159936561	0	0	0.102173840063439	0	0	0
spot_259	0	0.0358377738442869	0	0	0	0.964162226155713	0	0	0	0	0
spot_260	0	0.0112699788433898	0	0	0.955749438810072	0.0329805823465383	0	0	0	0	0
spot_261	0.0263702875743578	0.00127821987452032	0.0729877706863544	0	0	0.232585781693067	0	0.666777940171701	0	0	0
spot_262	0	0.0270358498821719	0	0	0.944688722005981	0	0	0.0282754281118477	0	0	0
spot_263	0	0.00410853231289656	0.00615388879615756	0.98218254982792	0	0.00755502906302617	0	0	0	0	0
spot_264	0	0.207989741652361	0.482541751142597	0	0	0.137889802075816	0	0	0.0288103487616459	0	0.14276835636758
spot_265	0.00824446095271612	0.0921962409352676	0	0.402515293362625	0	0.00309388000303021	0	0	0	0.493950124746361	0
spot_266	0	0.0125557309153891	0.0224381324524079	0.951294133714025	0	0.0137120029181783	0	0	0	0	0
spot_267	0	0	0	0	0	1	0	0	0	0	0
spot_268	0	0.141701475054002	0.0412441874534393	0	0.793100373685922	0	0	0	0	0.0239539638066369	0
spot_269	0	0.0211257679145709	0	0	0.0838953076514466	0	0	0	0	0.881752267610571	0.0132266568234116
spot_270	0	0.0463710137175691	0	0	0	0.953628986282431	0	0	0	0	0
spot_271	0.0698269698671631	0.11820130120785	0.156363178827579	0	0	0.151506345482971	0	0.382668109350856	0.121434095263581	0	0
spot_272	0.0557692106542468	0.0727717234861135	0.03577531292549	0.0887380652813535	0	0.721701782239489	0	0.0252439054133078	0	0	0
spot_273	0	0	0	0	0.202653124406283	0.763372038291002	0.0173534016332249	0.0166214356694893	0	0	0
spot_274	0.0650858486764805	0.0010623755361713	0.0346427359166595	0	0	0	0	0.447636744403936	0.451572295466752	0	0
spot_275	0	0.00972598616131076	0.171894066366282	0	0.0876519216252943	0.112483512081937	0	0.508376756129224	0.109867757635952	0	0
spot_276	0	0.0693348863150545	0.0144633181315818	0	0.00140795211535559	0.0172636365988068	0	0.646353528852955	0.00911786862368957	0.242058809362557	0
spot_277	0	0.0133807789855498	0	0	0.580805791574329	0.405813429440121	0	0	0	0	0
spot_278	0	0	0	0	0.988976087153779	0.00237710336214699	0	0	0.00864680948407406	0	0
spot_279	0.0144590059285293	0.110182769925822	0	0.181615027344996	0.0201474380482405	0	0	0	0	0.673595758752412	0
spot_280	0	0	0	0	0.16332820895765	0.184892949402107	0	0.651778841640244	0	0	0
spot_281	0	0	0	0	0.431861530331607	0.568138469668393	0	0	0	0	0
spot_282	0	0.0326212833441553	0	0	0	0.967378716655845	0	0	0	0	0
spot_283	0	0	0	0	0	1	0	0	0	0	0
spot_284	0.112091723675375	0.137807105564693	0.222148659411392	0	0.527952511348541	0	0	0	0	0	0
spot_285	0	0	0	0	0.964768321093986	0.0352316789060135	0	0	0	0	0
spot_286	0	0.0343128294728893	0.0234621821085233	0	0	0	0	0.942224988418587	0	0	0
spot_287	0	0	0	0	0	1	0	0	0	0	0
spot_288	0	0.0260240122783636	0.0276194659879894	0	0.144236555260629	0.775721781442258	0	0	0.0263981850307606	0	0
spot_289	0	0	0	0	0.624822296314423	0.144574770674917	0	0	0.230602933010661	0	0
spot_290	0	0	0	0	0.319582612392803	0	0	0	0	0.680417387607197	0
spot_291	0	0	0	0	0	1	0	0	0	0	0
spot_292	0	0	0	0	0	1	0	0	0	0	0
spot_293	0	0.0237084666546423	0.0123935894772856	0	0.0574205482676338	0.249379697339093	0	0.10659504605633	0	0.550502652205015	0
spot_294	0	0	0	0	0.0941721362016987	0.333024788091835	0	0.568152708312132	0.00465036739433367	0	0
spot_295	0	0.0082479768667602	0	0	0	0.965658568827477	0	0.00921430270331523	0	0.0168791516024477	0
spot_296	0	0.031726482699205	0	0	0	0.968273517300795	0	0	0	0	0
spot_297	0	0	0	0	0.141952758488798	0.516557545662316	0	0.323066254551369	0	0	0.0184234412975161
spot_298	0	0.0389425074319568	0.0233883416319887	0	0.595931414249122	0.108089511162151	0	0.029455669130666	0	0.204192556394115	0
spot_299	0	0	0	0.0283440462768939	0.672526129194771	0	0	0.275440812512994	0.0236890120153419	0	0
spot_300	0.0596902732852025	0.219491777892486	0.537380225332874	0	0	0	0	0.183437723489438	0	0	0
spot_301	0.027021088765015	0.00188126637653054	0.0198933545118525	0.802514063193446	0	0.148690227153156	0	0	0	0	0
spot_302	0	0	0	0.851589753301786	0	0.107509982235876	0	0.0409002644623386	0	0	0
spot_303	0	0	0	0	0	0.0443461455385832	0	0.88477391298524	0	0.00716894241549298	0.0637109990606838
spot_304	0	0.00561060475408011	0.0325172650170074	0.518544291418521	0	0.411850972173625	0	0	0.0314768666367667	0	0
spot_305	0	0.0112677506633029	0	0	0.0373018545360663	0	0	0.951430394800631	0	0	0
spot_306	0.0600056072631014	0.0130079394750826	0.0128214146098557	0.47918349343178	0	0.419566047266086	0	0.0154154979540943	0	0	0
spot_307	0	0.566768487296331	0.0285883246297846	0	0	0.404643188073883	0	0	0	0	0
spot_308	0	0	0	0.0345826749859294	0	0.965417325014071	0	0	0	0	0
spot_309	0	0.071989164845109	0.0159808690756664	0	0.912029966079225	0	0	0	0	0	0
spot_310	0	0.0201270557631046	0.0073841170041257	0	0.186092666744832	0	0	0	0	0.786396160487937	0
spot_311	0	0	0.0256630738562625	0.737318378941995	0.212917013022371	0.0179299363077949	0	0	0.00617159787157657	0	0
spot_312	0	0	0	0.0562046231193355	0.0163540728692294	0.296018492439387	0	0	0.631422811572048	0	0
spot_313	0.162946194569051	0.176351856616488	0.380362346992255	0	0	0.0517066478698777	0	0.228632953952328	0	0	0
spot_314	0	0	0	0	0.0309714984470394	0.969028501552961	0	0	0	0	0
spot_315	0.0049914649349216	0.0257491071355682	0.00660362271159201	0	0	0.136151242996865	0	0	0.820893483449067	0.00561107877198563	0
spot_316	0	0.0608627592938272	0	0	0.0247580535413846	0	0	0	0	0.914379187164788	0
spot_317	0	0	0	0	0.23840565760222	0.76159434239778	0	0	0	0	0
spot_318	0	0	0	0.146403115691543	0	0.50912985093252	0	0	0.344467033375937	0	0
spot_319	0	0	0.0132179673467225	0.986782032653277	0	0	0	0	0	0	0
spot_320	0	0	0	0.0859810138063182	0	0.914018986193682	0	0	0	0	0
spot_321	0	0.01812678493102	0	0	0	0.966417719656626	0	0.0154554954123541	0	0	0
spot_322	0	0.00214093422746698	0.0361587981586207	0.635112843210624	0.0257808298913521	0.239646103274619	0	0	0.0611604912373166	0	0
spot_323	0	0	0	0	0.97098402878944	0	0	0	0	0.0290159712105603	0
spot_324	0	0.123122260436626	0.30445899636214	0	0	0.308541263051138	0	0	0.263877480150095	0	0
spot_325	0.0542887775557254	0.0499495478324267	0.0163183572809852	0	0.0553103730004872	0	0	0.120590714689908	0	0.703542229640467	0
spot_326	0.0173373613898586	0.00719968775334591	0.0519962540184715	0	0.191687607535662	0.203937559688127	0	0.527841529614535	0	0	0
spot_327	0	0.0226569806490946	0.00843777828168868	0	0.28852172930205	0.680383511767166	0	0	0	0	0
spot_328	0	0	0	0	0	1	0	0	0	0	0
spot_329	0	0.041890492461204	0.0579296171213578	0	0.0168232025524153	0.0391953478817191	0	0	0.844161339983304	0	0
spot_330	0	0	0	0.197706338645489	0.0666013318867274	0.593813316829322	0	0.121169080526981	0.0207099321114807	0	0
spot_331	0.0250246939175665	0.139195763205046	0.0121939007580269	0	0	0.822102848267614	0	0.00148279385174609	0	0	0
spot_332	0.00733156130949459	0.0026279771890965	0	0	0	0.96976292900715	0	0	0	0.0202775324942583	0
spot_333	0.014581094348994	0.0122590800015085	0	0	0	0.741425951975897	0	0	0.173183981609925	0.0585498920636754	0
spot_334	0	0	0	0	0	1	0	0	0	0	0
spot_335	0.156182944591213	0.094909193946119	0.00859402657382743	0	0.0134418190720614	0.0254702123225526	0.628252734735861	0.000837424851266769	0	0.056368965731778	0.01594267817532
spot_336	0	0	0	0	0.271036873188971	0.728963126811029	0	0	0	0	0
spot_337	0	0	0	0.147444649521507	0.790724681315433	0	0	0	0.0618306691630598	0	0
spot_338	0.0160854273207694	0	0	0.7927253127142	0.043537672539353	0	0	0	0.0893677575611669	0.0582838298645112	0
spot_339	0	0.061583098949059	0.0193617875345014	0	0.911096103068268	0.00795901044817092	0	0	0	0	0
spot_340	0	0	0	0	0.197802182475971	0.155678442221824	0	0.646519375302205	0	0	0
spot_341	0.0284693189467112	0.00346608395927421	0.19208840870001	0	0.0501037536321759	0	0	0.319134264594935	0.406738170166893	0	0
spot_342	0	0.0099350734775467	0.0582700554835797	0	0.484014599514221	0.397261121999978	0	0	0	0	0.0505191495246748
spot_343	0	0.0421127932624891	0.0153810433275639	0	0.81908714877156	0	0	0.0112812178831982	0.022542273061419	0.0895955236937703	0
spot_344	0.0710572582018382	0.16902939471068	0	0.323831574106425	0	0	0	0.0850801553488332	0	0.336022882977292	0.0149787346549318
spot_345	0	0	0	0	0.0111298010632366	0.988870198936764	0	0	0	0	0
spot_346	0	0.00447930662432441	0	0	0.0272418191627959	0.92358444155449	0	0.0446944326583902	0	0	0
spot_347	0.111817863872761	0.17391820460676	0.714263931520479	0	0	0	0	0	0	0	0
spot_348	0	0	0	0	0.0607720378031751	0.224767779577752	0	0	0.714460182619073	0	0
spot_349	0	0.0472271325735564	0.0706756626337512	0.0943564346150941	0.0340293022021504	0.286126849208772	0.269393083175712	0	0.198191535590964	0	0
spot_350	0.0191661549000831	0.351710652936392	0.629123192163524	0	0	0	0	0	0	0	0
spot_351	0	0	0	0.278535554069014	0	0.721464445930987	0	0	0	0	0
spot_352	0	0.0141174960891519	0	0	0.0101789529488545	0.824627473483951	0	0.151076077478043	0	0	0
spot_353	0	0	0	0	0	1	0	0	0	0	0
spot_354	0	0.0297352207155891	0.00333185394678829	0	0	0.954728398537826	0	0	0.0122045267997961	0	0
spot_355	0.0110427746068054	0.0914878014324821	0.00653701872791205	0	0	0.181018401944687	0	0	0	0.709914003288113	0
spot_356	0.0197890113188617	0.00443598541916312	0.00936678290334822	0.529241960936549	0	0	0	0.0243839462528345	0.412021667077213	0.00076064609203032	0
spot_357	0	0.0440776360015626	0.0511996458699306	0.004467134457653	0	0.89852744601508	0	0	0	0	0.00172813765577396
spot_358	0	0.267035833635091	0.101803064258398	0.0648955683765453	0.0492721355596088	0.337209216962587	0	0.168887378563755	0.0108968026440166	0	0
spot_359	0	0.131535727820972	0.139697314103497	0	0.0125393182363037	0	0	0.716227639839227	0	0	0
spot_360	0	0	0	0	0	0.987544278792481	0	0	0	0.01245572120752	0
spot_361	0	0	0	0.0133256387541603	0	0.98667436124584	0	0	0	0	0
spot_362	0.0175973255082887	0.0195738337646285	0.00921987829852738	0.190309258454973	0.359643039290192	0	0	0.40365666468339	0	0	0
spot_363	0.0244022293623901	0.0245496708698448	0.163730275707633	0	0	0.312897523492319	0	0.474420300567813	0	0	0
spot_364	0	0.000844152645559284	0	0.00767850064839738	0	0.991477346706043	0	0	0	0	0
spot_365	0	0	0	0	0.0101511587432295	0.989848841256771	0	0	0	0	0
spot_366	0	0.0514291082744306	0	0.0172922185419124	0.00233274393663704	0	0	0	0.519167883428842	0.409778045818178	0
spot_367	0.0996767549558256	0.191406333744263	0.176393104463687	0	0	0.0370825170774302	0.190551903820301	0.250567134946889	0	0.0543222509916043	0
spot_368	0	0	0	0	0	1	0	0	0	0	0
spot_369	0.111448169275036	0.0516694434499761	0	0	0	0.215858494982922	0	0	0	0.621023892292066	0
spot_370	0.15753100459707	0.00111980111722399	0	0	0	0.68422026304302	0	0.157128931242687	0	0	0
spot_371	0	0.0150909824078014	0	0.00607358805106926	0	0.777022370998163	0	0.201813058542966	0	0	0
spot_372	0.0177622112526765	0	0	0	0.0268015084285595	0.955436280318764	0	0	0	0	0
spot_373	0	0	0	0	0	0	0	1	0	0	0
spot_374	0.270111219819197	0.302393071953832	0.317507775567751	0	0	0.0706739299682232	0	0.0393140026909975	0	0	0
spot_375	0.112155044162392	0.0409055845678398	0.0631611984063621	0	0.0102143760312693	0	0	0.0756325727240711	0.247690584709039	0.450240639399026	0
spot_376	0	0.0115334849678764	0	0	0	0.860106904050048	0	0	0.128359610982076	0	0
spot_377	0	0.0322470322090021	0.00898484788452982	0	0	0.917677177252875	0	0.00936905489478483	0	0.0317218877588085	0
spot_378	0	0	0	0.0338966740389745	0.966103325961026	0	0	0	0	0	0
spot_379	0	0.0272266326239427	0	0	0	0.972773367376058	0	0	0	0	0
spot_380	0	0.0192241164629865	0.0830682870781572	0	0	0.597575167166352	0	0.00683860660127887	0	0	0.293293822691225
spot_381	0	0	0	0.353897124981121	0.540317074948619	0	0	0.10578580007026	0	0	0
spot_382	0.0165345113465122	0.0352974275090748	0.573809359549696	0	0.324260601613727	0.0441812593875536	0	0.00591684059343647	0	0	0
spot_383	0.00960639715321496	0	0.071050998186605	0.0459396482522086	0.873402956407972	0	0	0	0	0	0
spot_384	0	0.0345449322747822	0.0302741360867754	0	0	0.177042567477378	0	0.758138364161064	0	0	0
spot_385	0	0.00637722080596262	0	0	0.380029806972401	0	0	0	0	0.611791059210852	0.00180191301078418
spot_386	0	0	0	0.547505977893875	0.375930561260599	0.0406464480343702	0	0.0359170128111565	0	0	0
spot_387	0	0.0124566079156687	0.0388011704323005	0	0	0.708110096108021	0	0.24063212554401	0	0	0
spot_388	0	0	0	0	0	0	0	1	0	0	0
spot_389	0.101060744794774	0.182667070073714	0	0	0	0	0	0.245513359806588	0.0279051811967987	0.442853644128125	0
spot_390	0	0.00720463295983804	0	0	0.987095035576355	0	0	0.00570033146380738	0	0	0
spot_391	0	0	0	0	0	0	0	1	0	0	0
spot_392	0	0.00693376350102422	0.0188161317311638	0	0.011150797985004	0.945912231176126	0	0	0	0	0.0171870756066817
spot_393	0	0.00460312342289358	0	0	0.887136059088608	0	0	0	0	0.105747478929451	0.00251333855904682
spot_394	0	0	0	0.0226988891023178	0.613797370967249	0.354528909468654	0	0.00897483046177947	0	0	0
spot_395	0	0.0340862129327909	0	0	0.653125724991213	0.266672780393716	0	0.0336084895908486	0.0125067920914318	0	0
spot_396	0	0	0	0	0.205750309910497	0.682585815363711	0	0.111663874725792	0	0	0
spot_397	0	0.0114178352400565	0	0	0	0.87232941901421	0	0	0.116252745745734	0	0
spot_398	0	0	0	0	0.661434787377744	0	0	0	0.338565212622256	0	0
spot_399	0.138762647512194	0.134802091866697	0.00477391440351101	0	0	0.0308747631691432	0	0	0	0.690786583048455	0
spot_400	0.149052961386309	0.0698577327684035	0.140462702589229	0	0.0930413225630342	0	0	0.545778283189958	0	0	0.00180699750306638
spot_401	0	0.0059320919126118	0	0	0.994067908087388	0	0	0	0	0	0
spot_402	0	0.0685414483233417	0.15022299853318	0	0	0.781235553143478	0	0	0	0	0
spot_403	0.0102747141977027	0.0598252698481213	0	0	0	0.854368114953288	0	0	0.0703627364186855	0.00516916458220158	0
spot_404	0	0.0495090131862005	0	0	0.915643272430443	0	0	0	0.0348477143833564	0	0
spot_405	0.0302011985227483	0	0.0309279732237319	0	0.0155468833220342	0	0	0.923323944931485	0	0	0
spot_406	0	0.199935491723566	0.0767034416286516	0	0.695642271691797	0	0	0	0	0.0277187949559844	0
spot_407	0	0	0	0	0.0213497164738012	0.0337136348720353	0	0.944936648654163	0	0	0
spot_408	0.0211501371370071	0.0105336046290328	0.0254714458877574	0.0764024257801134	0.0243174700021861	0.833278165073377	0	0.00884675149052644	0	0	0
spot_409	0	0.0161223743312658	0.00963305547688246	0	0.0227662538502658	0.0201960170978762	0	0	0.93128229924371	0	0
spot_410	0.0935787190785865	0.137587782322168	0.0435081931183722	0	0.650098996088546	0.0409927723874711	0	0	0	0.013737628419338	0.0204959085855177
spot_411	0	0.07501246324705	0.235876631096415	0	0	0	0	0.689110905656535	0	0	0
spot_412	0	0.00602669957098203	0	0.827506643825056	0.0901698114144155	0.0762968451895466	0	0	0	0	0
spot_413	0	0	0.0345539971004742	0.720704426907298	0.196268812655965	0.0484727633362632	0	0	0	0	0
spot_414	0	0.0215485473544672	0.0154845741618993	0	0.439705495946318	0.520258913673125	0	0	0	0	0.00300246886419124
spot_415	0	0	0	0.0128608590562646	0	0.987139140943735	0	0	0	0	0
spot_416	0	0	0	0	0	0.971372812980804	0	0.028627187019196	0	0	0
spot_417	0	0	0	0.230180674167858	0.0800009674092179	0.0302313485732596	0	0.659587009849665	0	0	0
spot_418	0.0750873435561051	0	0.0138554586390041	0	0	0	0	0.91105719780489	0	0	0
spot_419	0	0.0918598554159977	0.081598487697556	0	0.826541656886446	0	0	0	0	0	0
spot_420	0	0.0185090699971993	0.0365448943081406	0.0684720130155429	0.0426893735416542	0	0	0	0.770284306764462	0	0.0635003423730008
spot_421	0	0.0100306539098056	0	0	0	0.989969346090194	0	0	0	0	0
spot_422	0	0.203409188610929	0.413200135443312	0.112613460240847	0.113312588189352	0	0	0	0	0	0.15746462751556
spot_423	0.00895116953123505	0.0456374934191513	0	0	0	0	0	0	0	0.945411337049614	0
spot_424	0	0.0112101938979424	0	0	0.625669381548025	0	0	0.282537253364859	0.0470525953181719	0.033530575871002	0
spot_425	0	0.00423262230310103	0.0111911463780413	0.744983548792757	0	0.00416178120364363	0	0	0.0522920145020556	0	0.183138886820401
spot_426	0.0308106813376156	0.0342258379158075	0.251889592768978	0.0866069116636142	0.0270882768419224	0.38708296772929	0	0.182295731742772	0	0	0
spot_427	0	0.0227134361710907	0	0	0.0837402831002026	0	0	0	0	0.893546280728706	0
spot_428	0	0.0752277421421844	0.0993365997455273	0	0.65636924094518	0	0	0	0	0.169066417167108	0
spot_429	0.690243935759637	0.0203541600755205	0.0170089906537915	0.230245464473144	0	0.0135868343697149	0	0.0258066572238095	0	0.00275395744438221	0
spot_430	0	0.0233476372457347	0.139791800497637	0	0.0162106697462189	0.118924718647362	0	0.250666611198827	0.451058562664221	0	0
spot_431	0	0	0	0	0	1	0	0	0	0	0
spot_432	0	0.00337816409855642	0.00675632819711285	0	0.0800246483769297	0.00221993332071099	0	0	0	0.904870121630203	0.00275080437648692
spot_433	0	0.0105212305979641	0.0689054845700103	0.0704416402848897	0.60919387622803	0.00340753863005421	0	0	0	0.237530229689052	0
spot_434	0	0.0346677594062	0	0.00794372896492117	0	0.957388511628879	0	0	0	0	0
spot_435	0	0.0163651420954218	0.138362964151362	0	0.0171124506548127	0.4603774456265	0	0.343754787136261	0	0	0.0240272103356429
spot_436	0	0	0.0125796162496028	0	0.0162364215030652	0	0	0.903316149633861	0.0678678126134716	0	0
spot_437	0.057491875094247	0.0269696143581627	0.020285192942112	0.0230565862037158	0	0.0108312363292985	0	0.840418412322366	0	0.00493509876006145	0.0160119839900363
spot_438	0	0	0.00798310343082546	0	0	0.0808889591804556	0.0194514289070044	0.16597244266914	0.0431919662730297	0	0.682512099539545
spot_439	0.0434929095284502	0.024300259542689	0.0114492097085371	0.145675089190151	0.0483749365310221	0.0470228309434466	0	0.679684764555703	0	0	0
spot_440	0	0	0	0.805756677206177	0	0.143264045886364	0	0.0509792769074594	0	0	0
spot_441	0	0.0111318561001284	0.0576348672033224	0.523589095440351	0.137726208544655	0.168579256136299	0	0.101338716575245	0	0	0
spot_442	0	0	0	0	1	0	0	0	0	0	0
spot_443	0	0.0701331942832814	0.0459161275938553	0	0.104703273567578	0.218066354198002	0	0.394414796546856	0.166766253810428	0	0
spot_444	0.0562527941246645	0.0330515827896846	0.0835113877906374	0.145574439217211	0	0.399291987723107	0	0.282317808354696	0	0	0
spot_445	0	0.0564512169499347	0	0.426498076233244	0.0471980184107512	0	0	0	0.46985268840607	0	0
spot_446	0	0.0352148752258	0	0	0.00229609565520515	0	0	0	0	0.962489029118995	0
spot_447	0	0.00101723496357727	0.0463390257664659	0	0	0.584290716039081	0	0	0	0.368353023230876	0
spot_448	0.153279859813777	0.236482526322865	0.451211589324001	0	0	0.159026024539357	0	0	0	0	0
spot_449	0	0	0.00809564575654906	0.215909026261377	0.0101216775591304	0.74725368743997	0	0.0186199629829728	0	0	0
spot_450	0	0.0240828031742825	0	0	0.38964080660039	0.0321997558151459	0	0.0892506705472827	0.464825963862899	0	0
spot_451	0	0.0319504914668875	0	0	0.926501412429365	0	0	0.0177702829145045	0.0237778131892436	0	0
spot_452	0.065049380420573	0.0125841582082168	0	0	0	0.684965001403833	0	0.237401459967377	0	0	0
spot_453	0	0.0286468400846355	0	0	0	0.971353159915364	0	0	0	0	0
spot_454	0	0.0213333509162254	0.0642416471411281	0	0	0.533876597260002	0.0647994096399236	0	0	0.315748995042721	0
spot_455	0	0.0446054180034027	0	0	0.0087140743734733	0.0284572445881719	0	0	0	0.918223263034952	0
spot_456	0.00533033535807912	0.0369129136813904	0	0	0	0.95775675096053	0	0	0	0	0
spot_457	0	0	0	0.559178464166735	0.377367107455286	0	0	0	0.0634544283779786	0	0
spot_458	0	0.00171647232206719	0	0	0	0	0	0.90280951106978	0	0	0.0954740166081519
spot_459	0	0.0385328932276314	0	0	0.772041882921913	0	0	0.112621707491203	0.0386580222921738	0.0381454940670785	0
spot_460	0	0.17332849785997	0.321679983713862	0	0	0	0	0.504991518426169	0	0	0
spot_461	0	0.048892721255391	0	0	0	0.951107278744609	0	0	0	0	0
spot_462	0	0.0137953352347024	0.00801940213367271	0	0.963012665511164	0.00233720000508743	0	0	0	0.0128353971153734	0
spot_463	0	0.000945127235796435	0.0780101750564353	0	0	0.0130069005390937	0	0.818080608633823	0.0899571885348512	0	0
spot_464	0	0.0111504685808393	0.0222842884985892	0	0	0.966565242920571	0	0	0	0	0
spot_465	0.0185682299433285	0.0753738155906741	0.0246456068574261	0.371489520617378	0.110388296685597	0.0431439131480887	0	0.356390617157508	0	0	0
spot_466	0	0.0447518131819832	0.030747091737348	0	0.80461362471356	0.0194182398122622	0	0.0625687372929875	0.0379004932618592	0	0
spot_467	0	0.0613436750996935	0.0138653916493992	0	0.00294581743578114	0.921845115815127	0	0	0	0	0
spot_468	0.0586951610636057	0.0672280476827866	0.053450098822965	0	0	0.531584065646789	0.0871537874477392	0.201888839336115	0	0	0
spot_469	0	0	0	0	0.246254718648262	0	0	0.0980158413135598	0.655729440038179	0	0
spot_470	0	0	0	0	0	1	0	0	0	0	0
spot_471	0	0.0321666223520001	0	0	0.967833377648	0	0	0	0	0	0
spot_472	0	0.0124399509764848	0	0	0.974741083967662	0.0128189650558539	0	0	0	0	0
spot_473	0	0	0	0	0	1	0	0	0	0	0
spot_474	0	0.0329363134215602	0.0478463957710536	0	0.0360276719481675	0.146492302642732	0	0	0.736697316216487	0	0
spot_475	0	0.0497802816851196	0.041954976702986	0	0.334660972777055	0.484353630585701	0	0.044925507809885	0	0	0.0443246304392532
spot_476	0	0.0114136054438181	0.0275969990692041	0.0317300780977372	0.124805271234811	0.798051914222769	0	0.0064021319316609	0	0	0
spot_477	0	0.0214293231113329	0	0	0.0230012170556487	0.494580841943494	0	0.460988617889524	0	0	0
spot_478	0	0	0	0	0.816725551031393	0.183274448968607	0	0	0	0	0
spot_479	0	0.0209043109598017	0	0	0	0.537039860610912	0	0.339428264116369	0	0.102627564312917	0
spot_480	0	0	0.0207370024451386	0.405192378859751	0.495699895176711	0	0	0.0783707235183985	0	0	0
spot_481	0.0733670349798442	0.139549082937716	0.0328067878598004	0.00479106483426418	0.0262390994068568	0.0742310322281001	0.630802375083835	0	0	0	0.0182135226695835
spot_482	0	0	0.0187069281683252	0	0	0.508402545875485	0	0	0	0	0.472890525956189
spot_483	0	0.0134042748934392	0	0.0184394617834543	0	0.480149937978424	0	0	0.488006325344683	0	0
spot_484	0	0.0261201675256661	0	0	0.0083060710015008	0	0	0	0	0.942490886095325	0.0230828753775082
spot_485	0.0313484575294031	0.401302192597345	0.567349349873252	0	0	0	0	0	0	0	0
spot_486	0	0.0281067540886256	0	0	0.968034962377469	0.00385828353390555	0	0	0	0	0
spot_487	0.0350994423273525	0.197934874301658	0.0711837327551521	0	0.0673541934146532	0	0	0.479328946173492	0	0.149098811027692	0
spot_488	0	0.00225820089462151	0.00451640178924302	0	0.0539236134308433	0.790525061439348	0	0.148776722445943	0	0	0
spot_489	0.0102422389188665	0.145998639860032	0.00874410057738305	0.0382715434764003	0.0517330997157286	0.63141702879774	0	0.11359334865385	0	0	0
spot_490	0	0.0940833465356863	0.0535727131241237	0	0.172575837338581	0.0735804672023423	0	0	0.0133834856885547	0.592804150110711	0
spot_491	0	0.210440231590601	0	0	0.789559768409399	0	0	0	0	0	0
spot_492	0	0.0473395919462597	0	0	0.00221684891253136	0.889789614589565	0	0	0	0.0606539445516443	0
spot_493	0.0383645049066722	0.00881814033315593	0.0282252455472736	0.823513022044003	0.0452994979044717	0.0432853564958972	0	0.012494232768526	0	0	0
spot_494	0	0.0767063019066157	0.0953271592275874	0	0	0.0777921999374666	0	0	0.0791354640955106	0.414019221022905	0.257019653809915
spot_495	0.212916580469876	0.26324677727884	0.00842787134856662	0	0	0	0	0.0581166524561737	0.0272930910038062	0.429999027442738	0
spot_496	0	0.0490161392558574	0.0560416297523466	0	0.524011142389523	0.146772735755313	0	0	0.224158352846961	0	0
spot_497	0.147415317072077	0.305698874401859	0	0	0	0	0	0	0	0.546885808526063	0
spot_498	0	0	0	0	0	1	0	0	0	0	0
spot_499	0.0293242744070162	0	0	0.495870742899499	0.0451686728419616	0.0600003919288163	0	0.369635917922707	0	0	0
spot_500	0	0.160186055327485	0	0	0.839813944672515	0	0	0	0	0	0
spot_501	0	0.0286513851835951	0	0.0050070791479591	0	0.930884237448727	0	0.011200540181272	0.0242567580384466	0	0
spot_502	0.650430135771422	0.00431289151247577	0.00323743352003247	0.00567479037002249	0.118265018206187	0	0	0.140902880621904	0.0126486773187327	0.0550431871237726	0.00948498555545196
spot_503	0	0	0	0.0465795980164062	0	0.922635572229436	0	0	0.0307848297541578	0	0
spot_504	0	0.0671172839890638	0.0368677950256582	0	0.512902670417287	0	0	0	0	0.289513910039625	0.0935983405283661
spot_505	0	0.00443656744541781	0.00375612339045586	0.0180599208437851	0.00905057533998328	0.940614305066374	0	0	0.0240825079139838	0	0
spot_506	0	0	0	0	0	1	0	0	0	0	0
spot_507	0.0166717989576043	0.0145611953595654	0	0	0	0.96876700568283	0	0	0	0	0
spot_508	0	0.0550229561364023	0.0272318106973242	0	0.253991711432523	0	0	0	0	0.433320869084674	0.230432652649077
spot_509	0.0766344986058238	0	0.0613050096395502	0.557990584425774	0.116970183143172	0	0	0.18709972418568	0	0	0
spot_510	0	0	0	0	0.0597335248626551	0.93528088513867	0	0.00498558999867524	0	0	0
spot_511	0	0.0938351895618124	0.020565238001315	0	0.853167068391229	0.00775650883711655	0	0	0	0.0246759952085273	0
spot_512	0	0.00164184908095724	0	0	0	0.998358150919042	0	0	0	0	0
spot_513	0	0.26310135437409	0.521147006508591	0	0.0537958722968494	0	0	0.161955766820469	0	0	0
spot_514	0.0240612943241156	0	0	0	0.651704009681613	0	0	0.139950030895712	0.184284665098561	0	0
spot_515	0	0.00266529287339479	0	0	0	0.879938724396374	0.117395982730231	0	0	0	0
spot_516	0	0	0	0	0.256289903102764	0.145398158196737	0	0.153802953948177	0.444508984752321	0	0
spot_517	0	0	0	0	0	1	0	0	0	0	0
spot_518	0	0.00225694257032707	0	0.997743057429673	0	0	0	0	0	0	0
spot_519	0	0	0	0	0.00698116974808148	0.993018830251918	0	0	0	0	0
spot_520	0	0.00751351355236212	0.00646939127339055	0.0162925203828465	0.00544843700670285	0.903825068695051	0	0.0405352790515749	0.0199157900380727	0	0
spot_521	0	0.0742450186021432	0.0353097576365584	0	0.274729930253244	0.453713501363091	0	0.0233423781226238	0	0.13865941402234	0
spot_522	0	0.082879815093717	0.0318374944116821	0	0.860825319581896	0	0	0	0	0.024457370912705	0
spot_523	0	0	0	0	0.0599931623291075	0	0	0.940006837670892	0	0	0
spot_524	0.0538495312343555	0	0.0628734334619459	0	0.76869934227997	0	0	0	0.114577693023728	0	0
spot_525	0	0	0	0	0.480281933669336	0	0	0	0	0.51530900403452	0.00440906229614394
spot_526	0	0.0135130732939684	0.0146575932893506	0	0	0.862194575802949	0	0.0872859250897126	0	0	0.0223488325240195
spot_527	0	0.00574507033718921	0.0364731932957693	0	0	0.795324821564159	0	0.0784667900239041	0	0	0.083990124778979
spot_528	0	0	0	0	0.955153574638323	0	0	0.0448464253616772	0	0	0
spot_529	0	0	0	0	0	1	0	0	0	0	0
spot_530	0	0.0521445100876003	0.18131982254105	0	0.139644189775348	0.0256095641485755	0	0.0839901211369687	0	0	0.517291792310458
spot_531	0	0.0233570999137172	0.0281243615668518	0	0.862197696759167	0	0	0.0863208417602644	0	0	0
spot_532	0.0374760483597803	0.0610896947075522	0.0418305774257144	0	0.0164646649271496	0	0	0	0.843139014579803	0	0
spot_533	0.0086579305362522	0.0384285860193486	0	0	0	0.115090319536866	0	0	0	0.837823163907533	0
spot_534	0	0.0139382588215369	0	0	0.015058230514627	0.924030870179812	0	0.0469726404840239	0	0	0
spot_535	0	0	0	0	0.250911364168382	0.00205672025825103	0	0	0.747031915573367	0	0
spot_536	0	0.0700346089601372	0.0848937156111621	0.0488267625137163	0	0.791850697412131	0	0.00439421550285355	0	0	0
spot_537	0.00690243125566137	0.0416838126306278	0	0	0	0	0	0	0	0.886730260153948	0.064683495959763
spot_538	0	0.0656800055138289	0.344033380855569	0	0	0.182231922058101	0	0.1411431320406	0	0	0.266911559531902
spot_539	0.0567449590728537	0.114783721840134	0.0124869704049471	0	0.00595069982117947	0.00105691349821626	0	0.142781274184375	0	0.666195461178295	0
spot_540	0.173744096493355	0.0636048391724605	0	0	0	0.343748615489281	0	0	0	0.418902448844904	0
spot_541	0	0.0712966402067301	0.0229689038162281	0	0	0.485818444557883	0	0.419916011419158	0	0	0
spot_542	0	0.0237744681990316	0.00424299700610759	0.142628373129519	0	0.624907584968822	0	0.204446576696519	0	0	0
spot_543	0	0.0299345899387799	0.0132670073069138	0	0.873964687495338	0	0	0	0.0828337152589686	0	0
spot_544	0	0.0336600028148907	0.0204575224739075	0	0.238917991458638	0.0766722437725451	0	0.630292239480019	0	0	0
spot_545	0.216662268003178	0.017215090381449	0.0159062126590042	0.0779306306545236	0	0.667741252582303	0	0	0	0.00454454571954217	0
spot_546	0	0	0	0.727579171411014	0.210082592676921	0.0623382359120646	0	0	0	0	0
spot_547	0	0	0.0612357320211377	0	0.490329121532457	0	0	0.120590386574335	0.327844759872071	0	0
spot_548	0	0	0	0.0094583196042558	0	0.088895192432347	0	0	0.901646487963397	0	0
spot_549	0	0	0	0	0.908110725945677	0.0443077386039825	0	0	0	0.0475815354503408	0
spot_550	0.0266887091277181	0.258164493378095	0.715146797494187	0	0	0	0	0	0	0	0
spot_551	0	0.0108277287117277	0.0213833034395745	0.0190619024550578	0	0.309965962604629	0	0.638761102789012	0	0	0
spot_552	0	0.00755096417157221	0	0	0	0.0709663443865142	0	0.921482691441914	0	0	0
spot_553	0	0	0.0212500627729589	0	0.655280474925922	0.205160681472501	0	0.118308780828618	0	0	0
spot_554	0.379935816189098	0.150131504998968	0.0145110100152909	0	0	0.0417453781702651	0	0	0	0.413676290626378	0
spot_555	0.00663166771155007	0.0136471739886939	0	0	0.00331583385577504	0.859976371486846	0.0481179135077178	0.0120971191132364	0	0.0562139203361806	0
spot_556	0	0	0	0	0.0261464079661035	0	0	0.659719477934321	0.314134114099575	0	0
spot_557	0.114134729218404	0.0610005552021059	0.223205373613274	0	0	0.0541538381746795	0	0.547505503791536	0	0	0
spot_558	0.195358885255289	0.139253542959786	0.220113272401837	0	0	0.11085158046794	0	0.334422718915148	0	0	0
spot_559	0	0.00530173952335735	0	0	0.994698260476642	0	0	0	0	0	0
spot_560	0	0	0	0	0	0.913113484664624	0	0.00481781800588638	0	0	0.082068697329489
spot_561	0	0.0275325866473838	0.0121386419776853	0.886299139332552	0.0442964644919249	0.029733167550454	0	0	0	0	0
spot_562	0.0386447517522481	0.0800662072849889	0.021334697687281	0	0	0.197579193687538	0.338873401755496	0.0450052345728109	0	0	0.278496513259637
spot_563	0	0.357130589966983	0.642869410033017	0	0	0	0	0	0	0	0
spot_564	0	0.0338322819320466	0.066532643598787	0	0.482793068615607	0.0653243808202817	0	0	0.142300716970725	0.209216908062552	0
spot_565	0.0277207666948288	0.00414901974119994	0.0124272817749	0.945131404817054	0	0.0105715269720167	0	0	0	0	0
spot_566	0	0	0	0	0.0699578638269806	0.930042136173019	0	0	0	0	0
spot_567	0	0.039970365805859	0.0127087175217056	0.342809660654899	0.50177932792364	0	0	0.102731928093896	0	0	0
spot_568	0.0424563697751165	0.2074345095475	0.281912155204831	0	0	0.468196965472552	0	0	0	0	0
spot_569	0.035889473931695	0.22829917885634	0.338965811782344	0	0	0	0.256553533440665	0	0	0	0.140292001988956
spot_570	0	0.077415392392001	0.014768975891336	0.064817185582804	0	0.842241945086418	0	0	0	0	0.000756501047441093
spot_571	0	0	0	0	0.470987982031241	0.00459652647861014	0	0	0.524415491490149	0	0
spot_572	0	0	0	0.923204588497282	0.0345402509721097	0.0422551605306083	0	0	0	0	0
spot_573	0.0129801739620311	0.0395788577336673	0	0	0.0613017137027646	0	0	0	0	0.856679107457347	0.0294601471441901
spot_574	0.474728992707918	0.00617525656378493	0.0399222348252135	0.185193396377743	0	0.265300517179486	0	0.0286796023458546	0	0	0
spot_575	0.0329198873260571	0.0186588956993629	0	0	0	0.270550393228057	0	0	0	0.677870823746523	0
spot_576	0	0.0545890394614919	0.0902757392677215	0	0	0.815291540049068	0	0.0177007878468788	0	0.02214289337484	0
spot_577	0.0447508685727787	0.0159474665654822	0.0151740580601406	0.799688167954022	0	0.124439438847577	0	0	0	0	0
spot_578	0.0166424694215702	0.0443839858163017	0	0	0	0.840090461229164	0.0924453204745387	0	0	0.00643776305842523	0
spot_579	0	0.0331408007262434	0.0146719878823498	0	0.918129896350745	0.0116121961718383	0	0	0.0224451188688223	0	0
spot_580	0.21818940917741	0.263813516665704	0.393761687007236	0	0	0.10377664551619	0	0.0204587416334591	0	0	0
spot_581	0.00606049561508162	0.015111348011738	0.0127965313828915	0.0194444053197113	0.249786182609568	0.138585074216179	0.0265646028352984	0	0.531651360009532	0	0
spot_582	0	0	0	0	0.0904297652583733	0.909570234741627	0	0	0	0	0
spot_583	0	0	0.0240900713881382	0.103487400840361	0.576654624698698	0.295767903072803	0	0	0	0	0
spot_584	0.0117670426337788	0	0	0	0.0157925422947544	0	0	0.972440415071467	0	0	0
spot_585	0.0700160355455673	0.173363520978137	0.458842868218824	0	0	0.0298145386669768	0	0.204339177022906	0	0	0.0636238595675887
spot_586	0	0.0429272693370226	0.065424190325542	0	0	0.85277993449854	0	0	0	0.0365599128213548	0.00230869301754025
spot_587	0.0193990483250164	0.0502709325011733	0.0124843304400648	0	0.00969952416250818	0	0	0.522060391428857	0	0.107592135167665	0.278493637974715
spot_588	0.0366764389193946	0.00418009629573573	0	0	0.00431014275804947	0.0105768294614673	0	0	0	0.944256492565353	0
spot_589	0.0738994770413905	0.0367130119295413	0.453818972538076	0	0.0489796184368201	0.155615029164262	0.0138057364223234	0.181868372744857	0	0	0.0352997817227296
spot_590	0.526509823130027	0	0.0226413243612334	0	0	0.2269361568811	0	0.189538125285655	0	0	0.0343745703419841
spot_591	0.0709271635022967	0.13825635476438	0.133716531391674	0	0	0.208846187940053	0	0.395869413300538	0	0.0523843491010579	0
spot_592	0.0258472581930011	0.156767659160453	0.110858111463247	0	0	0.00360472243398881	0	0.507848779559938	0.0415582879877408	0.15351518120163	0
spot_593	0	0	0	0	0	1	0	0	0	0	0
spot_594	0	0	0	0	0	0.771536487808282	0	0	0.228463512191717	0	0
spot_595	0	0	0	0	0	1	0	0	0	0	0
spot_596	0	0	0	0	0.992932655756005	0.00706734424399443	0	0	0	0	0
spot_597	0	0.0211640029761759	0	0	0.968028529528059	0	0	0.0108074674957649	0	0	0
spot_598	0	0.0950915161978812	0.0157478596287053	0	0.881863507428326	0.0072971167450876	0	0	0	0	0
spot_599	0.054791105767597	0.201201876376928	0.655816097710285	0	0	0.0672928250393475	0	0	0.0208980951058425	0	0
spot_600	0	0.000597777704007829	0	0	0.052179843332836	0	0	0	0	0.944481025283858	0.00274135367929804
spot_601	0	0.00304054966760339	0	0	0	0	0	0.996959450332397	0	0	0
spot_602	0	0.178992113007482	0.817751951640059	0	0	0	0	0	0	0	0.00325593535245925
spot_603	0.00182042808101847	0.0252847291209897	0	0	0	0.355309105203913	0	0	0.617585737594079	0	0
spot_604	0	0	0	0	0	0.999999999999999	0	0	0	0	0
spot_605	0.155425332738072	0	0	0	0.563627182795491	0	0	0	0.0529836723833774	0.22796381208306	0
spot_606	0.0317517630197808	0.0650842004956833	0.647131093875138	0	0	0.117595559553607	0	0.138437383055791	0	0	0
spot_607	0.0710588976410235	0.0510120982912499	0	0	0.0129208395055486	0	0	0	0	0.844283893248034	0.0207242713141441
spot_608	0.247182342211941	0.233861676212084	0.0115339139881812	0.0273478357507785	0	0	0	0.08950099336052	0.0329762065737079	0.341841271999902	0.0157557599028852
spot_609	0	0.00546999941937633	0.00655597551248869	0	0.968660422012812	0	0	0	0	0.0193136030553234	0
spot_610	0	0	0	0.394857879220657	0.410546092464043	0	0	0.0331477841817855	0.161448244133515	0	0
spot_611	0	0.275035921588956	0.724964078411044	0	0	0	0	0	0	0	0
spot_612	0	0	0	0	0	0.0565198504229663	0	0.943480149577034	0	0	0
spot_613	0	0.0439887805226877	0	0	0.675506008343593	0	0	0.0251153614531728	0.233947931691429	0.0214419179891177	0
spot_614	0	0	0	0.576588612428554	0.402857165534245	0.020554222037201	0	0	0	0	0
spot_615	0	0.0333114279846773	0.0173536110733368	0	0.414924102330227	0.477136078627176	0.0353102626498966	0	0.0219645173346866	0	0
spot_616	0	0.0075418239625638	0	0	0	0.992458176037437	0	0	0	0	0
spot_617	0	0	0	0	0	0.975378969139038	0	0	0.0246210308609619	0	0
spot_618	0	0	0	0	0	0.724102812387519	0.0674386924422841	0	0	0.208458495170197	0
spot_619	0	0.0442139416375084	0.0144403586977491	0	0.448725439169943	0	0	0.492620260494799	0	0	0
spot_620	0	0.00946408505692638	0	0	0.396621552836257	0.593914362106817	0	0	0	0	0
spot_621	0	0	0	0	0.986260447667916	0	0	0	0	0.0137395523320833	0
spot_622	0	0	0	0	0	0.176166709497045	0	0.823833290502956	0	0	0
spot_623	0	0.0151656334168478	0.00284882796474411	0	0	0.981985538618408	0	0	0	0	0
spot_624	0	0.040695270895015	0.00364793310918182	0	0	0.955656795995803	0	0	0	0	0
spot_625	0	0	0	0	0.636892178948263	0	0	0.226252245107551	0.136855575944186	0	0
spot_626	0.0385970425002863	0.0152118603414085	0.00451479278426182	0	0	0	0	0.939083415925344	0	0.00259288844869933	0
spot_627	0.324774071478922	0.0267076106830441	0.00526046643836859	0	0	0.615238987767058	0	0.0280188636326077	0	0	0
spot_628	0	0.00929375773552425	0.0273278518919903	0	0.148778782732817	0.339676482418143	0	0	0.473535906934001	0	0.00138721828752365
spot_629	0.0247719765855611	0.278982282658886	0.00533082299491829	0	0	0.0560614480434866	0	0	0	0.634853469717148	0
spot_630	0.0268523046219726	0	0	0.49633899947326	0.0551186861236627	0	0.0266146033055666	0.395075406475538	0	0	0
spot_631	0	0.052982489144463	0.0375429599716499	0	0.880428279888213	0	0	0	0	0.0290462709956742	0
spot_632	0	0	0	0	0.836905140304814	0.0619920499988362	0	0	0	0.10110280969635	0
spot_633	0	0.270356222036191	0.729643777963808	0	0	0	0	0	0	0	0
spot_634	0	0	0.0365199391643192	0.296057172358407	0.586700308747371	0.0680165911820406	0	0.0127059885478622	0	0	0
spot_635	0	0	0	0	0.642390033628139	0.32980099207799	0	0	0	0	0.0278089742938708
spot_636	0	0	0	0	0.634876920476292	0	0	0	0	0.362685655542667	0.00243742398104062
spot_637	0	0.000838029848123927	0	0	0.0198131572550006	0.934878885049777	0	0	0	0.0444699278470989	0
spot_638	0.0127609959053236	0.0793953090455048	0	0.0637732425116152	0.0132514709679431	0.674232526819039	0	0.156586454750574	0	0	0
spot_639	0	0	0	0	0.0733095392622648	0.926690460737736	0	0	0	0	0
spot_640	0	0	0	0	0.118888520225842	0.472728138100232	0	0.408383341673925	0	0	0
spot_641	0.0670495214713477	0.0654123059947133	0.0734930559517296	0	0.774218340924181	0	0	0.0198267756580283	0	0	0
spot_642	0	0.0404180691312067	0.0212030706171512	0	0.140041932905567	0.798336927346075	0	0	0	0	0
spot_643	0	0	0	0	0	1	0	0	0	0	0
spot_644	0.0149829743175774	0.00368510355094662	0	0.181015147060778	0.203631024206167	0	0	0.0151459120479226	0.47968095029109	0.101858888525518	0
spot_645	0	0	0	0.248720286264501	0.628059564742893	0.0359218559206899	0	0.0171194221882214	0.0701788708836951	0	0
spot_646	0.0138773783731236	0	0.0152992139719622	0.882025909182895	0	0.0348141193137516	0	0.053983379158268	0	0	0
spot_647	0	0.16106265364246	0.704967882979103	0	0	0.131397902506974	0	0.00257156087146216	0	0	0
spot_648	0	0.00455695752233812	0.0210502833354398	0	0	0.736002357189831	0	0	0	0	0.238390401952391
spot_649	0.0839011618350252	0.00171055674475734	0	0	0	0.732524333535976	0.140296129501952	0.0415678183822898	0	0	0
spot_650	0	0.0162881620340857	0.0202046298600117	0	0	0.963507208105903	0	0	0	0	0
spot_651	0	0	0	0	0.962507056869583	0	0	0	0.0374929431304176	0	0
spot_652	0	0.19060840422381	0.277893938852473	0	0	0.0808621792982408	0.0488136224047062	0.260269855661209	0	0.141551999559561	0
spot_653	0	0.00676425304772311	0	0	0	0.83694680996367	0	0	0	0	0.156288936988607
spot_654	0.366650867938506	0	0.0291354850296093	0	0.0368789762797814	0.554955915021697	0	0.0123787557304065	0	0	0
spot_655	0	0.00404056144381635	0	0.689990448918937	0	0.305968989637246	0	0	0	0	0
spot_656	0	0.0970431903027894	0.186366245029444	0	0.0401859305090001	0.0570265029255225	0	0	0.616723372933767	0	0.00265475829947786
spot_657	0	0	0.0759041478449709	0	0.0503451556357199	0.556345530478096	0	0.170188096560311	0.147217069480902	0	0
spot_658	0.0504801708129091	0.012936357188915	0	0	0	0.936583471998176	0	0	0	0	0
spot_659	0	0	0	0	0.894675907490884	0.105324092509116	0	0	0	0	0
spot_660	0	0.00905137682319937	0	0	0.192114681239873	0.794502017269551	0	0	0	0	0.00433192466737598
spot_661	0.0270546825185892	0.0180205413946604	0	0.450411207460902	0	0.504513568625849	0	0	0	0	0
spot_662	0	0	0	0	0	1	0	0	0	0	0
spot_663	0	0	0	0	0	0.981690407634089	0	0.0183095923659111	0	0	0
spot_664	0	0	0	0	0.985881300237673	0	0	0	0	0.0141186997623275	0
spot_665	0.0771958169598069	0.0449839378538247	0.153487588281217	0	0	0	0	0.724332656905151	0	0	0
spot_666	0.0240027892510636	0.0248361123999072	0	0	0.121414441258837	0	0	0.829746657090193	0	0	0
spot_667	0	0.027972570517555	0.107368100778924	0	0	0.864659328703522	0	0	0	0	0
spot_668	0	0.0767600043841423	0.0245918030376507	0	0.00967455104749295	0.649501521843402	0	0.239472119687312	0	0	0
spot_669	0	0	0	0.567156028513745	0.152815420934483	0.238438944574019	0	0.0415896059777531	0	0	0
spot_670	0	0	0	0	0.0644925226900435	0	0	0.935507477309956	0	0	0
spot_671	0	0	0	0	0.128859640032106	0	0	0.72863686377029	0	0.142503496197604	0
spot_672	0	0.00522960277900812	0	0	0	0.932976877974514	0	0	0	0.061793519246477	0
spot_673	0	0	0	0.0203980391664962	0	0.967139707655666	0	0.0124622531778376	0	0	0
spot_674	0	0.0793509150103555	0.0340680420707971	0	0.869962007009964	0	0	0	0	0.0166190359088832	0
spot_675	0.0535475228193649	0.00347261278345093	0.0326655461048802	0	0	0	0	0.910314318292304	0	0	0
spot_676	0	0.0695119057950453	0.0227048516214757	0	0.606606379170051	0	0	0.280946128285011	0.0202307351284161	0	0
spot_677	0.0118424401540181	0.0143875669172262	0.0249249842196594	0.0602892506989627	0.0278743478479544	0	0.0153277295860023	0.845353680576177	0	0	0
spot_678	0	0.048513174314387	0.19829151471191	0	0	0	0	0.211627249945802	0	0.00681325653065136	0.53475480449725
spot_679	0.0163999495682264	0.0926243042469562	0	0	0	0.882715843581426	0	0	0	0.00825990260339155	0
spot_680	0	0	0.121664050565195	0	0.713273518623805	0.102287274445578	0	0.0460229702491878	0	0.0167521861162339	0
spot_681	0	0	0	0	0.600751673346994	0.242521775278782	0	0.156726551374224	0	0	0
spot_682	0	0	0	0.54445064797161	0.0570295345477219	0.375545942731833	0	0.0229738747488344	0	0	0
spot_683	0.349266851300939	0.205528696376238	0.00794939534651399	0	0	0.0168399125082876	0	0	0	0.420415144468022	0
spot_684	0.00940791872602706	0.0587071883077196	0	0	0	0.0991138636265452	0	0	0	0.832771029339708	0
spot_685	0	0	0	0.329317967534168	0.608208165011719	0	0	0	0.062473867454113	0	0
spot_686	0	0	0	0.316704852579549	0.683295147420451	0	0	0	0	0	0
spot_687	0.0399012906780203	0.0761714132556795	0.0719806864399546	0	0	0.623439847179141	0	0.188506762447205	0	0	0
spot_688	0.37842643860941	0.0213191738100816	0.0666715956927558	0	0	0.00193398766452173	0	0.531648804223231	0	0	0
spot_689	0	0	0	0.0272963771918852	0	0.925728419772752	0	0.046975203035363	0	0	0
spot_690	0.0331024168900658	0.170010388083763	0.0831477662521719	0	0	0.679430959554539	0	0.0343084692194605	0	0	0
spot_691	0	0	0	0	0.994919806878788	0.00508019312121191	0	0	0	0	0
spot_692	0	0.00153935588744117	0.0186691229723153	0.216388559315005	0.1510974856241	0.570592753500578	0	0	0.0417127227005611	0	0
spot_693	0	0	0	0	0.833593877364945	0	0	0.116052607222943	0.0165297064092591	0.0338238090028525	0
spot_694	0	0.0598171447760345	0.126028313983712	0.0813329492335943	0.0274220876064734	0.544296979564259	0	0	0.0576673845809085	0.103435140255018	0
spot_695	0.00497546553674106	0.0566813668817093	0	0	0	0	0	0	0	0.608328774626015	0.330014392955535
spot_696	0	0.00306803667652621	0	0	0.00502966361598704	0.79188360075446	0	0.200018698953026	0	0	0
spot_697	0.171687190513514	0.0602771517731519	0.0265979154002852	0	0.0922194519058369	0	0	0.628125029873135	0.0210932605340773	0	0
spot_698	0.0451835290532633	0.121290836460967	0.00593093320346062	0	0	0.570573261569444	0	0.257021439712865	0	0	0
spot_699	0	0.0407055211467755	0	0	0.52750085079675	0	0	0.415444055616158	0.0163495724403169	0	0
spot_700	0.171516090748951	0.03890636570379	0.159986458799869	0.146003846919878	0.144795689370525	0.108187087908516	0	0.0193624058885172	0	0.211242054659954	0
spot_701	0	0	0	0.23355461965871	0.0259877526247088	0.720213886081458	0	0	0.0202437416351231	0	0
spot_702	0	0	0	0	0	0.26543525521391	0	0.73456474478609	0	0	0
spot_703	0	0	0	0	0.924597825903232	0.0754021740967684	0	0	0	0	0
spot_704	0	0.0488446231197184	0.0496680048173013	0	0.0964962829853366	0.00360597411813496	0	0.125528100612429	0	0.67585701434708	0
spot_705	0.452440511510812	0.131297628386199	0.0956546137710517	0	0.00376782449627007	0	0	0.185124663321533	0	0.131714758514133	0
spot_706	0	0.0396814572956377	0	0	0	0.917746612617254	0	0	0	0.0425719300871073	0
spot_707	0	0	0	0	0.954892467820852	0	0	0.0451075321791488	0	0	0
spot_708	0	0	0.0111161050226985	0.159710651654312	0.256856024146158	0	0	0	0	0.572317219176832	0
spot_709	0	0.115378686783184	0.169484905184188	0	0.655839897452165	0.00319702771495117	0	0.0560994828655117	0	0	0
spot_710	0	0.0524522279005507	0.0558133749656326	0	0.418485206064153	0.448344626633644	0	0	0.0108388076635488	0.0140657567724707	0
spot_711	0	0.084724926824511	0.0742849109939566	0	0.144372101313661	0	0	0	0	0.686139002453406	0.0104790584144653
spot_712	0	0	0	0	0.400337926974272	0.245815438594779	0	0.353846634430949	0	0	0
spot_713	0	0.0594734272603174	0.089147301523513	0	0.851379271216169	0	0	0	0	0	0
spot_714	0	0	0	0	0.0955739513683627	0	0	0	0	0.904426048631637	0
spot_715	0.0201752360690892	0.0290096374616687	0.0216594431714211	0.552558439424614	0.0548711744443045	0.0537639825067399	0	0.267962086922163	0	0	0
spot_716	0	0	0	0	0.103837277730996	0.643044872569317	0	0.148910922381896	0	0	0.104206927317792
spot_717	0	0	0	0	0.0140185377850421	0.985981462214958	0	0	0	0	0
spot_718	0	0.0267672222822354	0.0663349355404986	0	0.556172974345487	0	0	0	0.350724867831779	0	0
spot_719	0	0.00711639049784261	0.0684297177558736	0.861201815759442	0	0.0632520759868416	0	0	0	0	0
spot_720	0	0.0156000799052372	0	0.0378948274085331	0	0.0025879126340713	0	0	0.943917180052158	0	0
spot_721	0	0	0	0	0.583121275141675	0.353270886658826	0	0	0.0316557660477172	0	0.0319520721517824
spot_722	0.0955728493382416	0.0281597209609242	0	0	0.151570078519347	0	0	0.0198219053826951	0	0.704875445798793	0
spot_723	0	0	0	0	0.0435070398040038	0	0	0.956492960195996	0	0	0
spot_724	0.0125312388288689	0.00511616723584345	0.0126131295151651	0	0.0738119730650804	0	0	0	0	0.883862762228099	0.0120647291269426
spot_725	0.333576296125018	0.0499696439381614	0	0	0	0.598864534486848	0	0.0175895254499724	0	0	0
spot_726	0	0.0490349615331671	0.426907172908888	0	0.0275203539275556	0	0	0.432012402682357	0.0645251089480317	0	0
spot_727	0	0	0	0	0.124955757950726	0.875044242049274	0	0	0	0	0
spot_728	0	0	0	0	0.0969425760589646	0.903057423941036	0	0	0	0	0
spot_729	0	0.200384950621337	0.0159297730065165	0.0483199494206549	0	0.724980866853354	0	0.0103844600981371	0	0	0
spot_730	0	0	0	0	0.687865309149915	0.199052004421538	0	0	0	0.113082686428547	0
spot_731	0	0	0	0	0.340731519969842	0.659268480030158	0	0	0	0	0
spot_732	0	0	0	0	0.471756971886879	0	0	0.528243028113121	0	0	0
spot_733	0.0145763133950414	0.0630142784569831	0.00566539480024148	0	0	0.75583499337614	0	0	0.117979339354248	0.0429296806173455	0
spot_734	0.0248505648642485	0.0303960339477302	0.0220053900104488	0	0	0.911418438433774	0	0.0113295727437987	0	0	0
spot_735	0	0.346856594988717	0.621966354489362	0	0.0282847432251205	0.00289230729680066	0	0	0	0	0
spot_736	0.0463914253803297	0.0666622212760983	0.0739461810438397	0	0	0.813000172299732	0	0	0	0	0
spot_737	0.123837175184423	0.452922036257407	0.0104570659142127	0.0126843667375496	0	0	0	0	0	0.400099355906408	0
spot_738	0.0538068181816316	0.624253274418164	0.14881062110681	0	0	0.173129286293394	0	0	0	0	0
spot_739	0.0390654026066787	0.0515445469439515	0	0	0	0	0	0	0	0.90939005044937	0
spot_740	0	0.0897974562613087	0.0316943818339066	0	0.536591061285315	0.299003422400297	0	0	0	0	0.0429136782191733
spot_741	0.343409560754624	0	0.0430278333010802	0	0.113158264150457	0	0	0.297829839512534	0.202574502281305	0	0
spot_742	0	0.0207129868618675	0.0219880117223589	0.0198550350862107	0.0756168342136571	0	0	0	0.861827132115906	0	0
spot_743	0	0.00592349620095804	0.00538232101392119	0.0460443816497507	0.00179168488339448	0.906639530692039	0	0.0169548456506961	0.0172637399092405	0	0
spot_744	0	0.0860447675144789	0.13078033600254	0	0.780225949926551	0.00294894655643061	0	0	0	0	0
spot_745	0	0	0	0	0.0332450813590507	0.96675491864095	0	0	0	0	0
spot_746	0	0.0342989178580067	0.0136884698482309	0.0256369219312589	0.212759839678243	0.0233054259742712	0	0	0.690310424709989	0	0
spot_747	0	0	0	0	0.0791991693362441	0.920800830663756	0	0	0	0	0
spot_748	0	0.109082840365556	0.157344909795718	0	0.00385745556319382	0.633169584989759	0	0	0	0.0397579927261066	0.0567872165596658
spot_749	0.178935214379314	0.285738082936165	0.316004073741444	0	0	0.00293279394571301	0	0	0.0356507467412558	0.180739088256108	0
spot_750	0	0.0171731574466881	0	0.0213239308595151	0	0	0	0.961502911693797	0	0	0
spot_751	0.253608366160128	0.0940509102940647	0.289160789190158	0	0	0	0	0.36317993435565	0	0	0
spot_752	0.0425163991024669	0.0819073578591724	0.0395815058267785	0.299795635369408	0.0218122919328476	0.146399034961922	0	0	0.367987774947405	0	0
spot_753	0	0.0118590429500827	0	0.410061213112081	0.540997424503877	0.0271267425096906	0	0.00995557692426909	0	0	0
spot_754	0	0.00178264076141372	0	0	0.0631704870313817	0.919119324600563	0	0.0159275476066424	0	0	0
spot_755	0	0	0	0	0.252846405281077	0.0625878031714328	0	0.68456579154749	0	0	0
spot_756	0	0	0	0	0.0707346500989724	0.851360341094416	0	0	0.0779050088066119	0	0
spot_757	0	0.0251455393550374	0.00909493491647111	0	0.965759525728492	0	0	0	0	0	0
spot_758	0	0	0.0439406087055117	0	0	0.956059391294489	0	0	0	0	0
spot_759	0	0.00248876804596827	0	0	0.0572208122877882	0.940290419666244	0	0	0	0	0
spot_760	0	0.00139028496783364	0	0	0	0.800230674219986	0.198379040812181	0	0	0	0
spot_761	0	0.00734715799083651	0	0	0.984174348571594	0.00847849343756947	0	0	0	0	0
spot_762	0	0	0	0	0	1	0	0	0	0	0
spot_763	0.174583904193831	0.00630134894174441	0.00772850263362844	0	0.0311109419576887	0.0142645734098619	0.034316559312533	0.244702315772454	0.0457382609421332	0.441253592836125	0
spot_764	0	0.0519865399350548	0.0343615427714113	0	0	0.036084136191009	0	0	0	0.877567781102524	0
spot_765	0	0.0480913310301187	0.0025901711376162	0.0962344265860289	0	0.769295927731278	0	0	0.0820617388518067	0	0.00172640466315144
spot_766	0.0103799670552767	0	0	0	0.0217602052555013	0	0	0	0	0.967859827689222	0
spot_767	0	0.00506382511294771	0	0	0	0.974145483857447	0	0	0.0207906910296055	0	0
spot_768	0	0.0492767529526184	0.0282264652070242	0	0.874528140105463	0.0451510573366041	0	0	0	0	0.0028175843982901
spot_769	0.157999203779718	0	0.0329407940729937	0.478001995094832	0	0.0694641026970107	0	0.23885015244327	0	0.00486964964273819	0.0178741022694373
spot_770	0	0	0	0.0342411270741561	0.903983343681282	0.0331498224468763	0	0.0286257067976861	0	0	0
spot_771	0	0	0	0	0.0236841885730723	0.832043203187863	0	0.144272608239066	0	0	0
spot_772	0.0270701194572676	0.0689655238630618	0.0130418034103333	0.890922553269337	0	0	0	0	0	0	0
spot_773	0.0155640871811296	0	0	0	0	0.902133015409934	0.0823028974089367	0	0	0	0
spot_774	0	0.0277286804983209	0	0	0	0.0196033453293462	0	0.935419891588112	0	0	0.0172480825842206
spot_775	0.0115886515154238	0	0.0131762827915692	0.975235065693007	0	0	0	0	0	0	0
spot_776	0	0.0659268148059871	0	0	0.00210485220362677	0	0	0	0	0.922475976928915	0.0094923560614711
spot_777	0	0.0348563609339079	0	0	0	0.0100582539497153	0	0	0	0.955085385116377	0
spot_778	0	0.231691857112438	0.158046615988286	0	0.0574564567223213	0.00332509492243335	0	0.294457631659041	0	0.25502234359548	0
spot_779	0	0.0269855891446213	0	0	0.944092053989697	0	0	0	0	0.0289223568656814	0
spot_780	0	0.00872703270906934	0	0	0	0.991272967290931	0	0	0	0	0
spot_781	0	0	0	0	0.217840301419853	0.00202376916461095	0	0	0.780135929415536	0	0
spot_782	0	0.030058438634991	0.122736242344649	0	0.0443555879105268	0.0675780275351541	0	0.735271703574679	0	0	0
spot_783	0	0.0400302552921313	0.0202169939802729	0	0.912443581358907	0	0	0	0.0159721926193516	0.0113369767493374	0
spot_784	0	0.0033628223795335	0.0115892719401478	0.936201060402282	0	0.0488468452780368	0	0	0	0	0
spot_785	0	0.0023486878303529	0	0.683068920343917	0.289062256343245	0.025520135482485	0	0	0	0	0
spot_786	0	0	0	0.194810349037001	0.805189650962999	0	0	0	0	0	0
spot_787	0	0	0	0	0.136013598339706	0.840956986837966	0	0	0.0230294148223274	0	0
spot_788	0.0736066838028559	0.162703187858703	0.763690128338441	0	0	0	0	0	0	0	0
spot_789	0	0	0	0	1	0	0	0	0	0	0
spot_790	0	0	0	0	0	0	0	0.955292938270822	0.0447070617291778	0	0
spot_791	0	0.00674114207929778	0.0500796671130763	0	0.789630202783435	0.153548988024191	0	0	0	0	0
spot_792	0.342690842732691	0.104261628688945	0.119152020894327	0	0	0	0	0.425110535972302	0	0	0.00878497171173493
spot_793	0	0.00274359955006021	0.0145915883374452	0	0.95537594171214	0.0272888704003554	0	0	0	0	0
spot_794	0	0	0	0	0.0868405528823504	0.77078768731867	0	0.142371759798979	0	0	0
spot_795	0.00645631664433359	0.0325998054404797	0	0	0	0.960943877915186	0	0	0	0	0
spot_796	0	0	0	0	0.0832038735481269	0.916796126451873	0	0	0	0	0
spot_797	0	0	0.0259025400862095	0.175595484308142	0.20176125706636	0.596740718539289	0	0	0	0	0
spot_798	0	0.0277105567240843	0.0751128486088584	0	0.418433141134259	0	0	0.193703942611532	0.285039510921266	0	0
spot_799	0	0.0434797074801302	0.0797084476550715	0	0	0	0	0.876811844864799	0	0	0
spot_800	0	0	0	0	0.254391932775256	0	0	0	0	0.742961172933618	0.00264689429112634
spot_801	0	0	0	0	0.95379357784964	0	0	0.0462064221503596	0	0	0
spot_802	0	0.0339811236829663	0	0	0.759031433253177	0.117661809800745	0.0893256332631115	0	0	0	0
spot_803	0	0.185790691930228	0.209224826997326	0	0.604984481072446	0	0	0	0	0	0
spot_804	0	0.0520456315026052	0	0	0.00936625254495426	0	0	0	0	0.689881861571888	0.248706254380552
spot_805	0.0671681052919078	0.0301674794072988	0.0443550125674129	0.160758468609567	0	0.650643690823394	0	0.0469072433004198	0	0	0
spot_806	0	0.237890123485718	0.214725885261221	0.0974997874972556	0.036878914412093	0.199623856457766	0	0.213381432885946	0	0	0
spot_807	0.0144813250763546	0	0.0148800873088552	0.438885807271699	0	0.32035242133097	0	0.211400359012122	0	0	0
spot_808	0	0	0	0	0.320061675804251	0.433081919907945	0	0.246856404287803	0	0	0
spot_809	0.0100788343644266	0.0201771887882824	0	0	0	0	0	0	0	0.969743976847291	0
spot_810	0	0.0898336247000809	0.059660472510526	0.14541711115384	0.0926044843163016	0.17161750159849	0	0.440866805720762	0	0	0
spot_811	0	0.0452541833944207	0.0156175647583889	0.303620240033376	0.629088624152896	0.00641938766091899	0	0	0	0	0
spot_812	0	0.00521594731921665	0.00625544797174943	0	0.915821026118767	0	0	0	0.072707578590267	0	0
spot_813	0	0	0	0	0.441978087440505	0.0483860299677037	0	0.509635882591792	0	0	0
spot_814	0	0.0774400439323304	0.284370180638448	0	0	0.115580155740709	0	0	0	0	0.522609619688512
spot_815	0	0.045958122120286	0	0	0.764188493592156	0.189853384287558	0	0	0	0	0
spot_816	0.00701500551815541	0.0212837304031692	0	0	0	0.971701264078675	0	0	0	0	0
spot_817	0.0809551263640542	0	0.0701652695686597	0.0102334383635977	0.838646165703688	0	0	0	0	0	0
spot_818	0	0	0	0	0.915215780387242	0.0847842196127586	0	0	0	0	0
spot_819	0	0.0202275541524091	0.00338334492282621	0	0.0128587249043523	0.963530376020412	0	0	0	0	0
spot_820	0	0.0653418342872977	0.455790592092265	0	0.127170076128623	0.323703827272982	0	0	0.027993670218833	0	0
spot_821	0	0	0	0	0.161797400109588	0.0619914564135073	0	0.776211143476905	0	0	0
spot_822	0	0.0458869266269211	0.017758963996905	0	0.936354109376174	0	0	0	0	0	0
spot_823	0	0.0783245964108236	0.247396853331328	0	0	0	0	0.674278550257848	0	0	0
spot_824	0	0	0	0.00808469359353537	0.00752795352060309	0	0	0	0	0.984387352885862	0
spot_825	0	0	0	0.0762104170134211	0.829896483701793	0.0607771199468579	0	0	0.0331159793379275	0	0
spot_826	0	0.00231685055145849	0	0	0	0.997683149448542	0	0	0	0	0
spot_827	0	0.0379969348311174	0.0124750684362814	0	0.895434834425074	0	0	0	0	0.0540931623075273	0
spot_828	0	0	0	0	1	0	0	0	0	0	0
spot_829	0	0.00244988369901059	0.00367037918315654	0.543707640486232	0	0.188875035699635	0	0	0.04008602706515	0	0.221211033866817
spot_830	0	0	0	0	0	1	0	0	0	0	0
spot_831	0	0	0	0	0	0.993482797625335	0	0	0	0	0.00651720237466436
spot_832	0	0.150793900010048	0.0214839339129832	0	0.827722166076969	0	0	0	0	0	0
spot_833	0	0.00615131654451995	0.00498509486456158	0	0.208625445213235	0.700197923509686	0	0.0664557477389827	0	0	0.0135844721290146
spot_834	0	0	0	0.0454566426354559	0.0082780054996067	0.457724394042375	0	0.488540957822562	0	0	0
spot_835	0	0.00540289899031711	0	0.991555147139849	0	0.00304195386983385	0	0	0	0	0
spot_836	0	0.0227450209543308	0.0100872186380981	0	0.964411449052275	0	0	0	0.00275631135529654	0	0
spot_837	0	0	0	0	0	1	0	0	0	0	0
spot_838	0	0	0.0132034991760513	0.183812718099698	0.0698669599809039	0.0152096566799699	0	0.018330406606356	0.272693248578571	0.426883510878449	0
spot_839	0.490420047522795	0.239782681719745	0.142555962348641	0	0	0	0	0	0	0.127241308408819	0
spot_840	0.0376120391076154	0.0345660380684738	0.0523811832726098	0	0	0.671485891860773	0	0	0.203954847690528	0	0
spot_841	0	0	0	0	0	1	0	0	0	0	0
spot_842	0	0.101711324447075	0.0345362739457689	0	0.863752401607156	0	0	0	0	0	0
spot_843	0.023241090023916	0.011707853097315	0.00551561630665315	0	0	0	0	0.959535440572116	0	0	0
spot_844	0	0.0868892973723081	0.0364542442549184	0	0.10965154830964	0.0749620437625087	0	0.692042866300625	0	0	0
spot_845	0	0	0	0	0	0.984080838795328	0	0.00308702235132982	0	0	0.0128321388533425
spot_846	0.13689272771774	0.0509668038592839	0.236508542814235	0	0	0	0	0.575631925608742	0	0	0
spot_847	0	0	0.0161925984292023	0.790098980469727	0.0618616511928197	0.105131461898219	0	0.0267153080100315	0	0	0
spot_848	0	0	0.00971339748015002	0.680742172652431	0.286285715241609	0.0232587146258107	0	0	0	0	0
spot_849	0	0	0	0.0330957287190448	0.289355754587019	0.671527713916298	0	0.0060208027776371	0	0	0
spot_850	0	0.0351600928033038	0.0134404128237715	0	0.476813240580973	0.474586253791952	0	0	0	0	0
spot_851	0	0	0	0	0	1	0	0	0	0	0
spot_852	0.0295005891957383	0.135289629023366	0.0442428943969442	0.324141509014411	0.394035146128857	0	0	0.072790232240684	0	0	0
spot_853	0.0113002006222418	0.0306019710929218	0.00312286620719475	0	0	0.6020644454416	0	0.00831618746192926	0	0.344594329174113	0
spot_854	0	0.0272388418193322	0	0	0	0.866136061981229	0	0	0.106625096199439	0	0
spot_855	0	0.00272858444911397	0	0.00979907268882251	0.306468802907604	0.423428504132842	0	0	0.0108327096206159	0.246742326201001	0
spot_856	0.0179839969067353	0	0	0.0566352040180125	0	0.925380799075252	0	0	0	0	0
spot_857	0	0	0	0	0.288043799594335	0.00149025576135131	0	0	0.710465944644315	0	0
spot_858	0	0.0103364755474011	0	0	0	0.989663524452599	0	0	0	0	0
spot_859	0	0	0	0	0.415125016748892	0	0	0.584874983251108	0	0	0
spot_860	0	0	0	0.264791284100438	0.190182925421164	0.532387145340848	0	0.0126386451375506	0	0	0
spot_861	0.0291549374416926	0.00955090353069804	0.0454493585870214	0	0.167731351981272	0	0	0.748113448459316	0	0	0
spot_862	0	0.0239797963065521	0.0285749301916196	0	0.0634234408510027	0.665345973939624	0	0	0	0.218675858711202	0
spot_863	0.0287862097514818	0	0.0203118400918127	0.610378694148638	0.123356486897684	0	0	0.217166769110383	0	0	0
spot_864	0	0.0250721303126515	0.0269573541620556	0	0.133124562847415	0	0	0.814845952677878	0	0	0
spot_865	0	0	0	0	0.338416771961631	0.200489149553046	0	0.433801282836254	0.0272927956490685	0	0
spot_866	0	0	0	0.193964851583828	0	0.296241767599811	0	0	0.00927730044341683	0	0.500516080372944
spot_867	0.0112049327030028	0.0685186104024944	0.0545535531243031	0	0.057623164186543	0.808099739583657	0	0	0	0	0
spot_868	0.112821539058294	0.185075090143061	0.392747902506029	0	0	0	0	0.309355468292616	0	0	0
spot_869	0	0.0517040702680877	0.0169145843331024	0	0.0663448116672198	0.474905936302119	0	0.390130597429471	0	0	0
spot_870	0.115966631542435	0.230587790200078	0.138570295629917	0	0	0.116450883339833	0.290640065990731	0.107784333297006	0	0	0
spot_871	0	0	0	0.151212963480483	0.136934255101446	0.648035923072986	0	0.0638168583450846	0	0	0
spot_872	0.0211454647637859	0.0141415630213706	0.0551002531334424	0	0.0162167511659755	0.0136392226036753	0	0.875705258232728	0	0.00405148707902266	0
spot_873	0	0.0077668811093147	0.00215978932883813	0	0	0.990073329561847	0	0	0	0	0
spot_874	0	0	0	0	0.99400774562913	0.00599225437087059	0	0	0	0	0
spot_875	0.0336813604761598	0	0.0118299328746404	0.870055577416906	0	0.0844331292322934	0	0	0	0	0
spot_876	0	0	0	0	0	1	0	0	0	0	0
spot_877	0	0.201231601417595	0.0633792473394361	0	0.735389151242968	0	0	0	0	0	0
spot_878	0.0151550690238227	0.0525757905904193	0	0	0	0.0604097155006501	0	0	0	0.871859424885107	0
spot_879	0.0954588423635939	0.140897713256629	0.196148127523851	0	0.297766204049158	0	0	0	0.269729112806768	0	0
spot_880	0	0.00862218369499583	0	0	0.970461005533363	0	0	0	0.0209168107716414	0	0
spot_881	0	0.102457203109782	0.0122441954570385	0	0.0541977957415055	0.222114163237246	0	0	0.238796150701308	0.37019049175312	0
spot_882	0	0	0	0	0.0320265899684833	0	0	0.967973410031517	0	0	0
spot_883	0	0.00512112905722667	0	0.991977065941736	0	0.00290180500103749	0	0	0	0	0
spot_884	0.341406481473971	0.205822252821904	0.422265353698295	0	0.0305059120058306	0	0	0	0	0	0
spot_885	0	0.00471386591121477	0.0129435890884925	0.760615356812778	0.0862787355628867	0	0	0.135448452624628	0	0	0
spot_886	0.0798005765222145	0.185658768155817	0.345142663334135	0.0263224227455099	0.14088358848391	0	0	0.196563525383095	0	0.0256284553753188	0
spot_887	0	0.0329984176107732	0.0115558446150338	0	0.955445737774193	0	0	0	0	0	0
spot_888	0	0	0	0	0.021221519558592	0.978778480441408	0	0	0	0	0
spot_889	0	0.119981260161656	0.0381572448306939	0	0	0.801742414446478	0.00449676727434403	0.0356223132868284	0	0	0
spot_890	0	0.00215705982456698	0	0	0.0348281344702462	0.456856430363982	0	0.124168709342732	0	0.381989665998473	0
spot_891	0	0.0286148535280802	0	0	0.934847759952814	0	0	0.0365373865191058	0	0	0
spot_892	0.0595262019866492	0.00392397768439522	0	0	0.245455656033862	0.236405418202567	0	0.221182947680872	0.233505798411654	0	0
spot_893	0	0.0468242693792409	0.0531499035546137	0	0.900025827066145	0	0	0	0	0	0
spot_894	0	0.117255283686734	0.139592402780068	0	0.0546054696741034	0.0214472776492182	0	0	0.667099566209876	0	0
spot_895	0	0.133215623095119	0.133648470350482	0	0.019573229243006	0	0	0.0885903177354922	0.163830124308365	0.461142235267535	0
spot_896	0	0	0	0.348636603575463	0.016731135671263	0.579303171453403	0	0	0.00555878067589426	0	0.0497703086239758
spot_897	0.0226892151237417	0.0209166604717538	0	0	0	0.315576586335912	0	0.640817538068593	0	0	0
spot_898	0	0.136918113953921	0.0298951393913144	0	0.833186746654765	0	0	0	0	0	0
spot_899	0.365778923455136	0.100108619428611	0.0544876886700526	0	0.0689868120903176	0	0	0.200472873979545	0.082317862400558	0.12784721997578	0
spot_900	0	0	0	0	0.00843036790593235	0.991569632094068	0	0	0	0	0
spot_901	0.111016698470415	0.0986362608323841	0.351458544409968	0	0	0	0	0.438888496287233	0	0	0
spot_902	0	0	0	0	0.144644069511491	0.0710169121136957	0	0.551154979940906	0	0	0.233184038433908
spot_903	0	0	0	0.596675534262031	0.360587256304777	0.0427372094331924	0	0	0	0	0
spot_904	0	0.0396326092647839	0.0175436960777211	0	0.791698941938323	0	0	0.0369320383103307	0.114192714408841	0	0
spot_905	0	0	0	0	0.249404959823927	0	0	0.750595040176073	0	0	0
spot_906	0.157114244524769	0.0905916889429511	0.0463909403941208	0	0.00680338371059302	0	0	0	0.0306941271221399	0.205539135863422	0.462866479442004
spot_907	0	0.0224560029425149	0	0	0.970046296764149	0.00749770029333633	0	0	0	0	0
spot_908	0	0.0375189845278942	0	0	0.774201509495949	0	0	0	0	0.185181521669232	0.00309798430692568
spot_909	0	0	0	0	0.498798580856014	0	0	0.418916869110217	0.0822845500337688	0	0
spot_910	0	0	0	0	0	1	0	0	0	0	0
spot_911	0	0	0	0.0736668407948313	0.129218238566028	0.696495670375794	0	0	0	0	0.100619250263347
spot_912	0	0.0887292802120448	0.0521088663776141	0	0.251628548421575	0	0	0.0216050344340302	0	0	0.585928270554735
spot_913	0	0	0	0	0	1	0	0	0	0	0
spot_914	0	0.00923281522425976	0	0	0.017059496214819	0.789914394025049	0	0.063118286387589	0.120675008148283	0	0
spot_915	0	0.0599477231720906	0.0404485942402024	0	0.406362123642134	0.116732628452539	0	0.0672466057089864	0.2301879870804	0.0790743377036471	0
spot_916	0.0120447795033662	0.0296121830089456	0.00967315418007332	0	0.0156551539159021	0	0	0.0462293807863766	0	0.886785348605336	0
spot_917	0	0.0202042467362655	0	0	0.124482821417863	0	0	0	0.421306310143257	0.434006621702614	0
spot_918	0.149282900835245	0	0	0	0	0.263104593566028	0	0.587612505598726	0	0	0
spot_919	0	0	0	0	0	1	0	0	0	0	0
spot_920	0	0	0	0	0.0623480052443713	0.915398628585053	0	0.0222533661705763	0	0	0
spot_921	0	0.00108726827877545	0.0142566330281767	0	0	0.964145062544816	0	0	0.020511036148231	0	0
spot_922	0	0	0	0.97851375371697	0.0196990752359722	0.001787171047058	0	0	0	0	0
spot_923	0	0	0	0	0.897879041112875	0	0	0.0711946232711581	0.030926335615967	0	0
spot_924	0	0.0681971461240146	0.0284831068102251	0	0.000920406831570411	0	0	0.90239934023419	0	0	0
spot_925	0.0217864796531152	0.15267877788842	0.343760846116736	0	0.0154959700185707	0.164877260496054	0	0.301400665827105	0	0	0
spot_926	0	0.0102794780997596	0.024851790421481	0.353560319078415	0.0483797639269224	0.53677258975944	0	0.0049248728494749	0.0212311858645077	0	0
spot_927	0	0.0450391986170609	0.0145693851257805	0	0.923845583213286	0	0.0165458330438733	0	0	0	0
spot_928	0.0321732516427582	0.0687031427685128	0.064159448737765	0.0124852933082923	0	0.00166693658380595	0	0.673939281793915	0	0.03879571465159	0.108076930513361
spot_929	0	0.0480248874804829	0.11665010573044	0	0.835325006789077	0	0	0	0	0	0
spot_930	0	0	0	0	0	0.973346823577511	0	0	0	0.0266531764224891	0
spot_931	0	0.045932507313048	0	0.926200280944413	0.0278672117425396	0	0	0	0	0	0
spot_932	0	0.0144719006138841	0	0	0	0.948937834719288	0	0.0206472586591747	0	0.0159430060076534	0
spot_933	0	0.00686845178508542	0.0143023155901627	0.0978267133379248	0	0.11134409857393	0	0.0347996421252794	0	0	0.734858778587618
spot_934	0	0.0122186284643292	0	0	0	0.965836893990839	0	0.0219444775448323	0	0	0
spot_935	0	0	0	0.941039142810308	0.0522225945204426	0.00673826266924951	0	0	0	0	0
spot_936	0.011160987240501	0.12037790534764	0	0	0	0.00666867644137688	0	0	0	0.861792430970483	0
spot_937	0	0.00448628115768898	0	0	0.276118870018701	0.719394848823611	0	0	0	0	0
spot_938	0	0.165539340066935	0.834460659933065	0	0	0	0	0	0	0	0
spot_939	0	0.0526752390398092	0.0538719335548335	0	0	0.00279753179416718	0	0.881018481590074	0	0	0.00963681402111646
spot_940	0.0903585540054439	0	0.019614176224428	0	0.0505790051168165	0.0725277303136671	0	0.766920534339644	0	0	0
spot_941	0	0.0383890122712188	0	0	0.912862241949944	0.00444339069715774	0	0.0443053550816796	0	0	0
spot_942	0.258867644235901	0.153788402417251	0.40486226724104	0	0	0.0732941977908264	0	0.109187488314981	0	0	0
spot_943	0	0.00507645336892486	0.0212996335465267	0.409939444805392	0.563684468279157	0	0	0	0	0	0
spot_944	0	0	0	0	0.0089157023986949	0.991084297601305	0	0	0	0	0
spot_945	0	0	0	0.30861420005796	0	0.587935565219361	0	0	0.102868426664689	0.000581808057989838	0
spot_946	0	0	0	0.386169340148455	0.0274979225494437	0.565295460177982	0	0.00738684268767092	0.0045597332264063	0	0.00909070121004199
spot_947	0	0	0	0	0.97370608457544	0.00975354295726056	0	0	0.0165403724672997	0	0
spot_948	0	0	0	0	0.0585154826307355	0.941484517369265	0	0	0	0	0
spot_949	0.539722241537321	0.139400390669349	0.0123534400243809	0	0	0.0249652799993681	0	0	0	0.283558647769581	0
spot_950	0.00777350161533077	0.0482011532159352	0	0	0	0.0194206474383503	0	0	0	0.924604697730383	0
spot_951	0	0.0680260345920461	0.0142595388866896	0	0	0.780911543471677	0	0.136802883049588	0	0	0
spot_952	0.045224656335287	0.196237160857056	0.126609825217905	0	0	0	0.00678722030982477	0.0112426657594464	0	0.613898471520481	0
spot_953	0	0	0.0130807385724545	0.986919261427546	0	0	0	0	0	0	0
spot_954	0	0.014656520492163	0.0528160997136017	0	0	0.932527379794235	0	0	0	0	0
spot_955	0.0356470679205115	0	0	0	0.24261004724017	0	0.249005315526166	0	0	0.463247497060062	0.00949007225309048
spot_956	0.194523765588337	0.227669318487212	0.00486369668092213	0.0168357369676846	0	0	0	0	0	0.556107482275844	0
spot_957	0.0502181365698922	0.00893079374170552	0.0120702530614095	0	0.030958540378263	0.85890968579103	0	0	0.0371743202288313	0	0.0017382702288686
spot_958	0	0.0263002611589214	0.0173756095248623	0	0.392357142730392	0.416569831217327	0	0.00958628495988386	0	0.137810870408614	0
spot_959	0	0.0159852107585828	0.0070737460608189	0.0217427925387039	0.0489749087218404	0	0	0	0.906223341920054	0	0
spot_960	0	0.0092378024305525	0	0	0.0044588890941639	0	0	0	0.986303308475283	0	0
spot_961	0.0107019670159248	0.0470808940041569	0	0.547296678624879	0.0373378667116844	0	0	0	0	0.357582593643354	0
spot_962	0	0	0	0	0	1	0	0	0	0	0
spot_963	0	0	0	0	0.904756033938945	0.095243966061055	0	0	0	0	0
spot_964	0	0.00746349401184696	0	0	0.344162344426105	0.015774286113438	0	0.0483867066958813	0.584213168752729	0	0
spot_965	0.157640031373099	0	0	0.0795110489984303	0.0196948182196695	0	0	0.587462559615977	0	0	0.155691541792824
spot_966	0	0	0	0	0.284403603216304	0.715596396783696	0	0	0	0	0
spot_967	0.0591892857615308	0.15655255581485	0.784258158423619	0	0	0	0	0	0	0	0
spot_968	0	0.000441874439282404	0	0	0.0132221368047122	0.932624781915158	0	0.00531574763356103	0	0	0.0483954592072873
spot_969	0	0	0	0	0.0607872542694273	0.939212745730573	0	0	0	0	0
spot_970	0.173046911997289	0.0224627193587217	0.0120451761172789	0.02741680021329	0.312980745740539	0.0072096132663605	0	0.0141495955953244	0.430688437711197	0	0
spot_971	0	0	0	0	0.985219731231396	0	0	0	0.0147802687686036	0	0
spot_972	0	0.0157425358173873	0	0	0.0086959974436203	0.975561466738993	0	0	0	0	0
spot_973	0.220112119098609	0.367936916692593	0.0376874417325848	0	0	0	0	0	0	0.374263522476213	0
spot_974	0	0.00109512492713788	0	0	0.600945045993581	0	0	0	0	0.379666102494095	0.0182937265851867
spot_975	0	0.0100371065146568	0	0	0	0.971337950413828	0	0.0186249430715154	0	0	0
spot_976	0.00737917124286785	0.0220790939117216	0.00372015149076906	0	0	0.762775944240182	0	0.0103732004052593	0	0.1936724387092	0
spot_977	0	0	0	0	0	1	0	0	0	0	0
spot_978	0.0103490981809565	0.011068235442179	0.0436423806823646	0	0	0.918668827619659	0	0.0013412462354141	0	0.0149302118394261	0
spot_979	0	0.102055956844575	0.0219192185309184	0	0.850589968292894	0	0	0	0.0109246272533778	0.0145102290782343	0
spot_980	0	0	0	0	0.0290060611394102	0.941862643128719	0	0	0	0.0266870708013357	0.0024442249305354
spot_981	0	0	0	0.0821723178517605	0.305003563656431	0.612824118491809	0	0	0	0	0
spot_982	0.163759916478924	0.230433322592645	0.00909948716349414	0.0204929171402337	0	0	0	0	0	0.576214356624703	0
spot_983	0.0272504514004531	0	0	0	0.0449892400281459	0.789775478187781	0	0.128787457100392	0.00919737328322741	0	0
spot_984	0	0.0649943425445448	0.0226245296845208	0	0.658423244312481	0	0	0	0	0.249266448751786	0.00469143470666746
spot_985	0.170569658730695	0.097606653363239	0.048405421147905	0	0	0	0	0.0176827107319514	0.177531811856199	0.488203744170011	0
spot_986	0	0.000505762801853726	0.00303025142625747	0.00908219248395383	0	0.835676412949445	0	0.15170538033849	0	0	0
spot_987	0	0.023657442979299	0	0	0	0.470746716154411	0	0.50559584086629	0	0	0
spot_988	0	0	0	0	0.0387221284226021	0.090520175796002	0	0.870757695781396	0	0	0
spot_989	0	0	0	0.659052944631279	0.30442645008159	0.0259479420125145	0	0.0105726632746166	0	0	0
spot_990	0.149582577207305	0.201417131678445	0.203871246739763	0	0	0.138131861819075	0	0	0	0.298025832005083	0.00897135055032944
spot_991	0	0.0296475069360566	0.0151665761274549	0	0	0.706130395009348	0	0.190617782698605	0	0.0584377392285348	0
spot_992	0	0.00612382978982166	0.00734259398340025	0	0.913756586573367	0.0438869400075993	0	0.0288900496458111	0	0	0
spot_993	0	0.0225967758747866	0.0263616841323697	0	0.910375590506951	0.0406659494858929	0	0	0	0	0
spot_994	0	0	0	0	1	0	0	0	0	0	0
spot_995	0	0.0156396666512769	0	0	0.871211771499013	0	0	0.11314856184971	0	0	0
spot_996	0	0.00666609241617154	0	0.958036144483899	0.0352977630999296	0	0	0	0	0	0
spot_997	0	0.071295891422447	0.0237630967191345	0	0.599519758312647	0	0	0	0.305421253545772	0	0
spot_998	0.0303831694950402	0.00875178448146225	0	0.20501915997433	0.0525474590349026	0	0.694379586495418	0	0	0.00891884051884666	0
spot_999	0	0.0130075318731885	0	0.571380910977898	0	0.133826473143219	0.245464761086751	0	0.0184547147039364	0.0178656082150072	0
spot_1000	0	0.0127746671759679	0.0183545055151937	0	0.0198182094857659	0.361107906662128	0	0	0.587944711160944	0	0
