B	CD4Tconv	CD8Tex	Endothelial	Fibroblasts	Malignant	Mast	Mono.Macro	Myofibroblasts	Plasma	Tprolif
spot_1	0	0.0183583924712709	0.0109064283844714	0	0	0.970735179144258	0	0	0	0	0
spot_2	0	0.000942061026393459	0	0	0	0.999057938973606	0	0	0	0	0
spot_3	0	0	0	0	0	0.97383184742722	0	0.0261681525727803	0	0	0
spot_4	0	0	0	0	0	1	0	0	0	0	0
spot_5	0	0.00940808510303671	0.00706405995415955	0	0	0.959811232645517	0	0	0.0237166222972868	0	0
spot_6	0	0	0	0	0	1	0	0	0	0	0
spot_7	0	0	0	0	0	1	0	0	0	0	0
spot_8	0	0	0	0	0	1	0	0	0	0	0
spot_9	0	0.0106212447931345	0	0	0	0.989378755206865	0	0	0	0	0
spot_10	0	0.0286227327157805	0.0375065146139549	0	0	0.933870752670265	0	0	0	0	0
spot_11	0	0.00406078317583051	0	0	0	0.0226394084213775	0	0.973299808402792	0	0	0
spot_12	0	0	0	0	0	1	0	0	0	0	0
spot_13	0	0.018741719446986	0	0	0	0.959623017440699	0	0.0216352631123152	0	0	0
spot_14	0	0.0146283279612082	0	0	0	0.871623853985657	0	0.113747818053135	0	0	0
spot_15	0	0	0	0	0	0.013747197403379	0	0.986252802596621	0	0	0
spot_16	0	0.140890124095331	0.00934321270740647	0	0	0.849766663197262	0	0	0	0	0
spot_17	0	0	0	0	0	1	0	0	0	0	0
spot_18	0	0.0739648112546173	0	0	0	0.926035188745383	0	0	0	0	0
spot_19	0	0	0	0	0	1	0	0	0	0	0
spot_20	0	0.0034118284049858	0	0	0	0.920725922899427	0	0.0758622486955872	0	0	0
spot_21	0	0.00302586563297135	0	0	0	0.996974134367029	0	0	0	0	0
spot_22	0	0.0590561445911543	0	0	0	0.940943855408845	0	0	0	0	0
spot_23	0	0	0	0	0	0.0247141533166495	0.1931549450696	0.78213090161375	0	0	0
spot_24	0	0.032558968176788	0	0	0	0.967441031823212	0	0	0	0	0
spot_25	0	0	0	0	0	1	0	0	0	0	0
spot_26	0	0.020710041925949	0	0	0	0.957342294051159	0	0.0219476640228912	0	0	0
spot_27	0	0	0	0	0	1	0	0	0	0	0
spot_28	0	0.253110518452124	0.102668134910489	0	0	0.644221346637387	0	0	0	0	0
spot_29	0	0	0	0	0	0.267844263792125	0	0.732155736207875	0	0	0
spot_30	0	0.0115214527611228	0.00865812196949108	0	0	0.979820425269386	0	0	0	0	0
spot_31	0	0.0468733423180479	0.0245192373401137	0	0	0.928607420341838	0	0	0	0	0
spot_32	0	0	0	0	0	1	0	0	0	0	0
spot_33	0	0.113497981386236	0.0284145018069099	0	0	0.858087516806854	0	0	0	0	0
spot_34	0	0	0	0	0	0.831624166221118	0	0.168375833778882	0	0	0
spot_35	0	0.0769987167335271	0	0	0	0.923001283266473	0	0	0	0	0
spot_36	0	0.00753967958619188	0	0	0	0.992460320413808	0	0	0	0	0
spot_37	0	0.0352535360288357	0.0345027457990069	0	0	0.0124155785481204	0	0.917828139624037	0	0	0
spot_38	0	0.114457819440352	0.0246598827924394	0	0	0.860882297767208	0	0	0	0	0
spot_39	0	0	0	0	0	1	0	0	0	0	0
spot_40	0	0	0	0	0	1	0	0	0	0	0
spot_41	0	0	0	0	0	1	0	0	0	0	0
spot_42	0	0.0789159133469375	0.046858173888029	0	0	0.874225912765033	0	0	0	0	0
spot_43	0	0.109290127780548	0.0789931385661642	0	0	0.795327422801298	0	0	0	0	0.0163893108519906
spot_44	0	0.00128525439697932	0.128526765079414	0	0	0.813679007397041	0	0	0	0	0.0565089731265654
spot_45	0	0.00525832636602891	0	0	0	0.668217174488075	0	0.326524499145896	0	0	0
spot_46	0	0.000710045895185612	0	0	0	0.999289954104814	0	0	0	0	0
spot_47	0	0.0329053974185845	0	0	0	0.967094602581416	0	0	0	0	0
spot_48	0	0.0378418761673444	0.0365582020202649	0	0	0.181728916361611	0	0.74387100545078	0	0	0
spot_49	0	0.447642173161565	0.350883173478353	0	0	0.201474653360082	0	0	0	0	0
spot_50	0	0.000587832912869614	0.0193453279561823	0	0	0.931492118974142	0	0	0	0	0.0485747201568071
spot_51	0	0.0720358273474735	0	0	0	0.927964172652526	0	0	0	0	0
spot_52	0	0.00901868955016754	0	0	0	0.0147788997098083	0	0.976202410740024	0	0	0
spot_53	0	0.027853382112045	0.0177976940414806	0	0	0.701238129360783	0	0.253110794485691	0	0	0
spot_54	0	0.00477571575156877	0.0313838982947069	0	0	0.949995171866138	0	0	0	0	0.0138452140875865
spot_55	0	0	0	0	0	1	0	0	0	0	0
spot_56	0	0.0545773087403846	0.00077782310325619	0	0	0.944644868156359	0	0	0	0	0
spot_57	0	0.00866023916751375	0.00650483899425153	0	0	0.984834921838235	0	0	0	0	0
spot_58	0	0	0.0305966202151006	0	0	0.71898387840031	0	0.25041950138459	0	0	0
spot_59	0	0.124566122514656	0.0618177532178324	0	0	0.813616124267511	0	0	0	0	0
spot_60	0	0.0666210007307948	0	0	0	0.933378999269205	0	0	0	0	0
spot_61	0	0	0	0	0	1	0	0	0	0	0
spot_62	0	0	0	0	0	0.0261836063612528	0	0.973816393638747	0	0	0
spot_63	0	0.022417045526797	0.00210905995481259	0	0	0.97547389451839	0	0	0	0	0
spot_64	0	0.0190520503976113	0.0145985914263666	0	0	0.966349358176022	0	0	0	0	0
spot_65	0	0	0	0	0	1	0	0	0	0	0
spot_66	0	0	0	0	0	1	0	0	0	0	0
spot_67	0	0	0	0	0	1	0	0	0	0	0
spot_68	0	0.0571688896562143	0.0353896084242623	0	0	0.907441501919523	0	0	0	0	0
spot_69	0	0.0912492920509883	0.0242220965246208	0	0	0.806079661627156	0	0.0784489497972353	0	0	0
spot_70	0	0.0208132488553419	0	0	0	0.811062999949941	0	0.168123751194717	0	0	0
spot_71	0	0	0	0	0	1	0	0	0	0	0
spot_72	0	0.010744741869529	0.0267030089150293	0	0	0.962552249215441	0	0	0	0	0
spot_73	0	0.0101763864729236	0	0	0.00150825302497577	0.136682352325265	0	0.851633008176836	0	0	0
spot_74	0	0	0.0282410935446565	0	0	0.959294685650478	0	0	0	0	0.0124642208048659
spot_75	0	0	0	0	0	1	0	0	0	0	0
spot_76	0	0.0372813138518154	0.0267195149293209	0	0	0.935999171218864	0	0	0	0	0
spot_77	0	0	0	0	0	0.999999999999999	0	0	0	0	0
spot_78	0	0.00448750825224052	0.0511605093315318	0	0	0.661850706959241	0	0.282501275456986	0	0	0
spot_79	0	0.00944222489815195	0.0235044276355681	0	0	0.96705334746628	0	0	0	0	0
spot_80	0	0.000936565321098262	0.0173538540239081	0	0	0.720480838563268	0	0.261228742091726	0	0	0
spot_81	0	0	0	0	0	1	0	0	0	0	0
spot_82	0	0.00963134265224589	0	0	0	0.990368657347754	0	0	0	0	0
spot_83	0	0.0506569972843994	0.0383835081163303	0	0	0.91095949459927	0	0	0	0	0
spot_84	0	0.0198986720160417	0	0	0	0.980101327983958	0	0	0	0	0
spot_85	0	0.0137928541376798	0.00465290316735197	0	0	0.72840050901684	0	0.253153733678128	0	0	0
spot_86	0	0	0	0	0	1	0	0	0	0	0
spot_87	0	0.0935782750742142	0.0564573658400617	0	0	0.849964359085724	0	0	0	0	0
spot_88	0	0.0827120996969382	0.00105928539196658	0	0	0.916228614911096	0	0	0	0	0
spot_89	0	0	0	0	0	1	0	0	0	0	0
spot_90	0	0	0	0	0	1	0	0	0	0	0
spot_91	0	0	0	0	0	1	0	0	0	0	0
spot_92	0	0	0	0	0	1	0	0	0	0	0
spot_93	0	0.0259409699293954	0.0140245205150807	0	0	0.960034509555523	0	0	0	0	0
spot_94	0	0.0418989694924586	0	0	0	0.958101030507541	0	0	0	0	0
spot_95	0	0.000695259336759402	0	0	0	0.999304740663241	0	0	0	0	0
spot_96	0	0.00997474077251686	0.0248502623037235	0	0	0.96517499692376	0	0	0	0	0
spot_97	0	0	0	0	0	1	0	0	0	0	0
spot_98	0	0.0125883722872582	0	0	0	0.987411627712742	0	0	0	0	0
spot_99	0	0.0625461595854191	0.0141014481400093	0	0	0.591722037534022	0	0.33163035474055	0	0	0
spot_100	0	0	0	0	0	0.958719800920022	0	0	0.0412801990799778	0	0
spot_101	0	0	0	0	0	1	0	0	0	0	0
spot_102	0	0	0	0	0	0	0	0.940795673803939	0	0	0.0592043261960603
spot_103	0	0.102804083980325	0.0309742178972978	0	0	0.854337994050313	0	0	0	0	0.011883704072064
spot_104	0	0	0	0	0	1	0	0	0	0	0
spot_105	0	0	0	0	0	0.761754111237731	0	0.238245888762269	0	0	0
spot_106	0	0.152758811788276	0.0973238241137429	0	0	0.749917364097982	0	0	0	0	0
spot_107	0	0.0184349934661022	0	0	0	0.981565006533898	0	0	0	0	0
spot_108	0	0.0552568469457604	0	0	0	0.94474315305424	0	0	0	0	0
spot_109	0	0.200271017924376	0.0710595114694512	0	0	0.637071651246857	0	0.0915978193593162	0	0	0
spot_110	0	0.0463272459409823	0.0242218911469825	0	0	0.929450862912035	0	0	0	0	0
spot_111	0	0.367264632545203	0.0909477654968259	0	0	0.44002656731941	0	0.101761034638562	0	0	0
spot_112	0	0.0173297174010377	0	0	0	0.982670282598963	0	0	0	0	0
spot_113	0	0	0.00454034897514727	0	0	0.232211972790605	0	0.763247678234248	0	0	0
spot_114	0	0.0243065208874824	0	0	0	0.975693479112517	0	0	0	0	0
spot_115	0	0	0	0	0	0.984479646419648	0	0.0155203535803521	0	0	0
spot_116	0	0	0.00376091295275397	0	0	0.126223073161648	0	0.870016013885599	0	0	0
spot_117	0	0.00311238619673179	0.00362886321695555	0	0	0.993258750586313	0	0	0	0	0
spot_118	0	0.088942856938148	0.043292073608023	0	0	0.867765069453829	0	0	0	0	0
spot_119	0	0.00447228364077764	0	0	0	0.187365288174674	0	0.808162428184548	0	0	0
spot_120	0	0.0476039241528107	0.0249024598835772	0	0	0.927493615963612	0	0	0	0	0
spot_121	0	0	0.00499647368858308	0	0	0.335748660424735	0	0.659254865886682	0	0	0
spot_122	0	0.074215034104847	0.0142134358073464	0	0	0.675052143700415	0	0.236519386387392	0	0	0
spot_123	0	0	0.00368708038087834	0	0	0.584387986160215	0.0358453903207475	0.376079543138159	0	0	0
spot_124	0	0.00191614837851771	0.0378094275117867	0	0	0.943595204679558	0	0	0	0	0.016679219430138
spot_125	0	0.0907672889088223	0	0	0	0.909232711091178	0	0	0	0	0
spot_126	0	0	0	0	0	0.170093295132637	0	0.829906704867363	0	0	0
spot_127	0	0.000525647676296781	0	0	0	0.896734486561661	0	0	0	0	0.102739865762043
spot_128	0	0.0242860620794586	0.060021909193061	0	0	0.91569202872748	0	0	0	0	0
spot_129	0	0.00731335539498817	0	0	0	0.979910964498262	0	0	0	0	0.0127756801067504
spot_130	0	0.0376995831677128	0	0	0	0.962300416832287	0	0	0	0	0
spot_131	0	0.0216900643226305	0	0	0	0.477724271581946	0	0.500585664095424	0	0	0
spot_132	0	0.00839236588761846	0	0	0	0.977317553369611	0	0.0142900807427705	0	0	0
spot_133	0	0	0	0	0	0.983562841381355	0	0	0	0	0.0164371586186453
spot_134	0	0	0	0	0	1	0	0	0	0	0
spot_135	0	0	0	0	0	0.999999999999999	0	0	0	0	0
spot_136	0	0.00905545036611128	0.0225350200063251	0	0	0.968409529627564	0	0	0	0	0
spot_137	0	0	0	0	0	1	0	0	0	0	0
spot_138	0	0	0.00346262779357041	0	0	0.827248893135377	0	0.169288479071053	0	0	0
spot_139	0	0.120314370071144	0.0315595300946322	0	0	0.816448705048074	0	0	0	0	0.0316773947861505
spot_140	0	0	0	0	0	0.00500353482080166	0	0.994996465179198	0	0	0
spot_141	0	0.0209954587320628	0.00350640759122033	0	0	0.7184387025711	0	0.257059431105617	0	0	0
spot_142	0	0.194269979717843	0.0247493856433409	0	0	0.780980634638816	0	0	0	0	0
spot_143	0	0.0258630724866414	0.00270112640061372	0	0	0.971435801112745	0	0	0	0	0
spot_144	0	0	0	0	0	0.0455581535097692	0	0.954441846490231	0	0	0
spot_145	0	0.00969364157410866	0.0241443892824192	0	0	0.966161969143472	0	0	0	0	0
spot_146	0	0.0579738144222497	0.0137755533499182	0	0	0.928250632227832	0	0	0	0	0
spot_147	0	0.0636286410924637	0.0466743417121204	0	0	0.889697017195416	0	0	0	0	0
spot_148	0	0.0598532590619228	0.00568964520057605	0	0	0.934457095737501	0	0	0	0	0
spot_149	0	0	0	0	0	1	0	0	0	0	0
spot_150	0	0.141003456691549	0.0408239151415517	0	0	0.8181726281669	0	0	0	0	0
spot_151	0	0.146753176252745	0	0	0	0.853246823747255	0	0	0	0	0
spot_152	0	0	0	0	0	0.0198866767039846	0	0.980113323296015	0	0	0
spot_153	0	0.0434725263512075	0	0	0	0.758904508596529	0	0.197622965052264	0	0	0
spot_154	0	0	0	0	0	0.999999999999999	0	0	0	0	0
spot_155	0	0.127628702544158	0.105430483596579	0	0	0.370429091361113	0	0.39651172249815	0	0	0
spot_156	0	0	0	0	0	0.991821296617396	0	0.00817870338260408	0	0	0
spot_157	0	0.0756327978640783	0	0	0	0.924367202135921	0	0	0	0	0
spot_158	0	0	0	0	0	0.989156576603033	0	0	0.0108434233969664	0	0
spot_159	0	0.00327231090212577	0	0	0	0.0890246425202096	0	0.907703046577665	0	0	0
spot_160	0	0	0	0	0	1	0	0	0	0	0
spot_161	0	0.0247516357250336	0	0	0	0.975248364274966	0	0	0	0	0
spot_162	0	0.0154075713492124	0.00857838099083063	0	0	0.976014047659957	0	0	0	0	0
spot_163	0	0.193898010802598	0.0912094267489152	0	0	0.714892562448487	0	0	0	0	0
spot_164	0	0.000483707341468488	0	0	0	0.999516292658532	0	0	0	0	0
spot_165	0	0	0	0	0	1	0	0	0	0	0
spot_166	0	0.0219192853014346	0.0772123173456839	0	0	0.900868397352881	0	0	0	0	0
spot_167	0	0	0	0	0	0.880112038558074	0	0.119887961441926	0	0	0
spot_168	0	0	0.0187729482599398	0	0	0.381753236122464	0	0.548899797251108	0	0	0.0505740183664888
spot_169	0	0.0587669836805104	0.0536384130091011	0	0	0.297478233210413	0	0.590116370099976	0	0	0
spot_170	0	0.0247410075723366	0.00174165201059411	0	0	0.973517340417069	0	0	0	0	0
spot_171	0	0.0103799949792041	0	0	0	0.989620005020796	0	0	0	0	0
spot_172	0	0.00711072980612619	0.0050895613155648	0	0	0.987799708878309	0	0	0	0	0
spot_173	0	0.0192751586059519	0	0	0	0.980724841394048	0	0	0	0	0
spot_174	0	0	0	0	0	1	0	0	0	0	0
spot_175	0	0.00913853113037923	0.0227304441241805	0	0	0.968131024745441	0	0	0	0	0
spot_176	0	0	0.0172687586463578	0	0	0.982731241353642	0	0	0	0	0
spot_177	0	0.00914544583609668	0	0	0	0.978028149872836	0	0	0	0	0.012826404291067
spot_178	0	0	0.0125805847446694	0	0	0.240729604050017	0	0.746689811205313	0	0	0
spot_179	0	0.0184641981174808	0	0	0	0.948852772274319	0	0.0326830296081993	0	0	0
spot_180	0	0.00602436858631751	0.0543024267525058	0	0	0.930210074765457	0	0	0	0	0.00946312989571929
spot_181	0	0	0	0	0	1	0	0	0	0	0
spot_182	0	0.102701020703292	0.0276124715499683	0	0	0.86968650774674	0	0	0	0	0
spot_183	0	0.118846182998311	0.0778396938442752	0	0	0.803314123157414	0	0	0	0	0
spot_184	0	0.0226034865923778	0	0	0	0.962882447926624	0	0.0145140654809978	0	0	0
spot_185	0	0.062234017221885	0	0	0	0.871667605102295	0	0.06609837767582	0	0	0
spot_186	0	0.0184543677222713	0	0	0	0.981545632277729	0	0	0	0	0
spot_187	0	0.00755791955493487	0.00567699564956547	0	0	0.9867650847955	0	0	0	0	0
spot_188	0	0.0170564107770614	0.00709040550547024	0	0	0.975853183717468	0	0	0	0	0
spot_189	0	0.12105440248855	0.0173520244274885	0	0	0.861593573083962	0	0	0	0	0
spot_190	0	0	0	0	0	1	0	0	0	0	0
spot_191	0	0.207995969938326	0.0895443109176609	0	0	0.702459719144013	0	0	0	0	0
spot_192	0	0.00707303157944128	0	0	0	0.992926968420558	0	0	0	0	0
spot_193	0	0	0	0	0	0.813164958934134	0	0.186835041065866	0	0	0
spot_194	0	0.439199677067244	0.0882634374639643	0	0	0.429659465489809	0	0.0428774199789825	0	0	0
spot_195	0	0.0806910175015968	0.02243152437476	0	0	0.811193315949885	0	0.0856841421737583	0	0	0
spot_196	0	0.0806849464583585	0.0473993877634958	0	0	0.871915665778145	0	0	0	0	0
spot_197	0	0	0	0	0	1	0	0	0	0	0
spot_198	0	0.372292721619515	0.0493780112165556	0	0	0.578329267163929	0	0	0	0	0
spot_199	0	0	0	0	0	1	0	0	0	0	0
spot_200	0	0.0620383644343939	0	0	0	0.937961635565606	0	0	0	0	0
spot_201	0	0.041729689157045	0.00288999681508763	0	0	0.935116946351672	0	0.0202633676761955	0	0	0
spot_202	0	0	0	0	0	1	0	0	0	0	0
spot_203	0	0	0	0	0	0.00846859301114718	0	0.991531406988853	0	0	0
spot_204	0	0	0	0	0	1	0	0	0	0	0
spot_205	0	0.0623652868652774	0.00584657663176335	0	0	0.931788136502959	0	0	0	0	0
spot_206	0	0	0	0	0	1	0	0	0	0	0
spot_207	0	0	0.00332533016391646	0	0	0.360986967559945	0	0.635687702276138	0	0	0
spot_208	0	0.0391046942063441	0.0204029097413988	0	0	0.940492396052257	0	0	0	0	0
spot_209	0	0	0	0	0	1	0	0	0	0	0
spot_210	0	0.0111052861304051	0.0276468776397863	0	0	0.961247836229808	0	0	0	0	0
spot_211	0	0	0	0	0	1	0	0	0	0	0
spot_212	0	0	0	0	0	1	0	0	0	0	0
spot_213	0	0	0	0	0	1	0	0	0	0	0
spot_214	0	0.0114190989312336	0.0149125567714377	0	0	0.186187973272932	0	0.787480371024397	0	0	0
spot_215	0	0	0	0	0	1	0	0	0	0	0
spot_216	0	0.0709039089463103	0.0437712247883219	0	0	0.324020021093264	0	0.561304845172104	0	0	0
spot_217	0	0.0619722367253337	0.0342148823868452	0	0	0.903812880887821	0	0	0	0	0
spot_218	0	0.00671535929667395	0.00559682566377227	0	0	0.987687815039553	0	0	0	0	0
spot_219	0	0.0629286602096256	0.0242625757490238	0	0	0.871326997301202	0	0.0414817667401487	0	0	0
spot_220	0	0.00451290572035893	0	0	0	0.539218718400598	0	0.456268375879044	0	0	0
spot_221	0	0	0	0	0	1	0	0	0	0	0
spot_222	0	0	0	0	0	1	0	0	0	0	0
spot_223	0	0.00893866098835611	0	0	0	0.321785798048084	0	0.66927554096356	0	0	0
spot_224	0	0	0	0	0	0.211298286153426	0	0.788701713846574	0	0	0
spot_225	0	0.0213488076648926	0.0163761434766114	0	0	0.962275048858496	0	0	0	0	0
spot_226	0	0	0	0	0	1	0	0	0	0	0
spot_227	0	0.000701519329773524	0	0	0	0.999298480670227	0	0	0	0	0
spot_228	0	0	0	0	0	1	0	0	0	0	0
spot_229	0	0	0	0	0	1	0	0	0	0	0
spot_230	0	0.0103204765652829	0	0	0	0.989679523434717	0	0	0	0	0
spot_231	0	0	0	0	0	1	0	0	0	0	0
spot_232	0	0.000473509007627529	0	0	0	0.948925358651442	0	0.0506011323409306	0	0	0
spot_233	0	0.000632192662339526	0	0	0	0.939844438554572	0	0	0	0	0.0595233687830891
spot_234	0	0.129100774991579	0.072490213234894	0	0	0.798409011773527	0	0	0	0	0
spot_235	0	0	0	0	0	1	0	0	0	0	0
spot_236	0	0.228649442970009	0.165863210880399	0	0	0.188353361034738	0	0.417133985114854	0	0	0
spot_237	0	0.0485163707896919	0.00308282522003523	0	0	0.944285418442721	0	0.0041153855475519	0	0	0
spot_238	0	0.0177464324008083	0.0133371511463507	0	0	0.968916416452841	0	0	0	0	0
spot_239	0	0.132082214615841	0.0241505699698859	0	0	0.843767215414273	0	0	0	0	0
spot_240	0	0	0	0	0	1	0	0	0	0	0
spot_241	0	0.135630688421964	0.0306292944305327	0	0	0.833740017147503	0	0	0	0	0
spot_242	0	0.0183358430539536	0	0	0	0.966026440144342	0	0.0156377168017043	0	0	0
spot_243	0	0	0	0	0	1	0	0	0	0	0
spot_244	0	0.066100979126993	0	0	0	0.933899020873007	0	0	0	0	0
spot_245	0	0.0412385981661727	0.0109228670017568	0	0	0.920838379601302	0	0	0	0	0.0270001552307682
spot_246	0	0.00903832167969826	0.00678543718700236	0	0	0.984176241133299	0	0	0	0	0
spot_247	0	0	0	0	0	1	0	0	0	0	0
spot_248	0	0.0588283139481294	0.0307853352443644	0	0	0.910386350807506	0	0	0	0	0
spot_249	0	0	0	0	0	1	0	0	0	0	0
spot_250	0	0.0167814045565358	0	0	0	0.983218595443464	0	0	0	0	0
spot_251	0	0.0039149531053817	0	0.0109372471896277	0.187226008139375	0.787765987896729	0	0	0.010155803668886	0	0
spot_252	0	0.00281615208519744	0	0	0.809062993469264	0.15239895572288	0	0	0.0357218987226586	0	0
spot_253	0	0.0380164352146855	0	0.0301870545457541	0.276619455268977	0.641610319091188	0	0	0.013566735879395	0	0
spot_254	0	0	0	0.00506071989682162	0.0857593525948629	0.874994898048547	0	0	0.0101040115407402	0	0.024081017919028
spot_255	0	0	0	0	0.858577596263313	0.1022849943087	0	0.0202282810606822	0.0189091283673039	0	0
spot_256	0	0.00334443964097907	0	0.0177187950548939	0.105234977914921	0.873701787389206	0	0	0	0	0
spot_257	0	0	0	0.023956379890051	0.089537865368845	0	0	0	0.886505754741104	0	0
spot_258	0	0.00740276321159571	0	0.0133719541679296	0.0078429338347901	0	0.0552989859579405	0.916083362827744	0	0	0
spot_259	0	0.00923174004699148	0	0	0.046063805748319	0.0118771168734234	0	0.707877141121064	0.119281199500904	0.0963599091489563	0.00930908756034114
spot_260	0	0.0273450136123812	0.0350780537396934	0.0083176794286821	0.770019951263457	0.0639699433889039	0	0	0.0836676721121424	0	0.0116016864547398
spot_261	0	0	0	0.00750911598512853	0.232527053773235	0.706058609726112	0	0	0.0138688326259569	0	0.0400363878895672
spot_262	0	0.00583396277343512	0	0	0.901211232605414	0	0	0	0.0929548046211508	0	0
spot_263	0	0.109781393897605	0.190360220152146	0.527453504132253	0	0	0	0	0	0.172404881817997	0
spot_264	0	0	0	0.00674093823534406	0.636728494001679	0.2334182658652	0	0	0.0787796298394429	0	0.0443326720583346
spot_265	0	0.474631580796367	0.34878422125843	0	0	0.176584197945203	0	0	0	0	0
spot_266	0	0.00559291417923614	0	0	0.744517246557848	0.24198891727039	0	0	0.00790092199252534	0	0
spot_267	0	0.020582964341026	0	0	0.0052072137409153	0.969713677466607	0	0	0.00449614445145115	0	0
spot_268	0.00547149340792963	0.0292884360519402	0.00335995345683588	0.144477108761984	0.276563533958843	0.195386470974985	0	0	0.0269806567669724	0.257479380286914	0.060992966333596
spot_269	0	0.00510917067922899	0	0	0.065854342231508	0.902386200008037	0	0	0.0105677522801047	0	0.0160825348011216
spot_270	0	0.126145280144884	0.0118060213082042	0	0.0554751343783531	0.643029860156916	0	0	0.0376862012508967	0.125857502760746	0
spot_271	0	0	0	0	0.074306180779911	0.92569381922009	0	0	0	0	0
spot_272	0	0.002707510002556	0	0.0153019580934432	0.0872951835685123	0.894695348335489	0	0	0	0	0
spot_273	0	0.0186271829274179	0	0	0.392005012264169	0.542554530645758	0	0	0.0468132741626559	0	0
spot_274	0	0	0	0	0.416345169264861	0.41983698666875	0	0	0.10170932615328	0	0.0621085179131085
spot_275	0	0	0	0.222902443638158	0.647371935627873	0.0543939816926336	0	0	0.0633719122613376	0	0.0119597267799972
spot_276	0	0.00588005225658143	0	0	0	0.735170959686246	0	0.258948988057173	0	0	0
spot_277	0	0.027848272182095	0	0	0.803130939583744	0	0	0	0.169020788234161	0	0
spot_278	0	0.00680699133135715	0	0	0.0128814156258476	0.0152735997164566	0.196422117953261	0.616985360862655	0.151630514510423	0	0
spot_279	0	0.00270942844320402	0	0	0.278228483822177	0.719062087734619	0	0	0	0	0
spot_280	0.0103661061004717	0.12923978940242	0.101246147326834	0	0.0231942752593835	0	0	0.0299755724617782	0	0.705978109449113	0
spot_281	0	0	0	0	0.941408644697147	0.0440765039967084	0	0	0	0	0.014514851306145
spot_282	0	0.156243023090488	0.0704453196059196	0.0402595447547524	0	0.73305211254884	0	0	0	0	0
spot_283	0.00441800405056632	0.0832655716928105	0.411708173855561	0	0.0808675071528201	0.174863203357605	0	0.231600374611176	0	0.0132771652794608	0
spot_284	0	0.0234331907865053	0.0462426096755958	0	0.0335849784668951	0.0426456216656021	0	0.384118417347023	0	0.469975182058379	0
spot_285	0	0.00567923810163506	0	0	0.0758970861512828	0.310539754751628	0	0.498463904256032	0.0818808347739066	0	0.0275391819655154
spot_286	0	0	0	0.00169132419874079	0.0265041111188778	0.941054900295578	0	0	0.00672646142316361	0	0.0240232029636402
spot_287	0	0.0610474423953978	0.0916096576371042	0.0177609164365607	0.252103523322569	0.528343657070033	0	0	0.0149990367653951	0.0341357663729409	0
spot_288	0	0.0400089882974098	0	0	0.378268341350603	0.508811237815084	0	0	0.0258697593088429	0	0.0470416732280607
spot_289	0	0	0	0	0	0.862347269700941	0	0	0.13765273029906	0	0
spot_290	0	0.097476853255383	0.0559685738976303	0	0	0.846554572846987	0	0	0	0	0
spot_291	0	0.00215499636177121	0	0.244721925049496	0.271541123472003	0.454842991007049	0	0	0.0124069480128661	0	0.0143320160968146
spot_292	0	0	0	0	0.961684760372464	0.0250307454825508	0	0	0	0	0.0132844941449855
spot_293	0	0.0499642177742141	0.0601503001773896	0	0.720874589782585	0.0510132324204119	0	0.0652105810557855	0.0371104604642986	0.0156766183253144	0
spot_294	0	0.0295352311533709	0	0	0.0805967260079822	0.800356033353554	0	0.0265761964526822	0.062935813032411	0	0
spot_295	0	0	0	0	0.659130760642882	0.0675559090038083	0	0	0.216183415995425	0	0.0571299143578847
spot_296	0	0.04858485227826	0	0	0.644402563835564	0.0655505147614898	0	0	0.0963455096522925	0.132167028216309	0.0129495312560846
spot_297	0	0	0	0	0	0.981850659654693	0	0	0.0181493403453071	0	0
spot_298	0	0.0402445967287263	0	0	0.0545253892131881	0.299676406132454	0.16158428501508	0.0107688540298466	0.0284469014233736	0.404753567457331	0
spot_299	0	0	0	0	0.507109718395176	0	0.0676479663032039	0	0.420465188287991	0	0.00477712701362865
spot_300	0	0	0	0	0.0155965541221448	0.921931389897049	0	0	0.0624720559808055	0	0
spot_301	0	0	0	0	0	1	0	0	0	0	0
spot_302	0	0.00393514852846525	0	0.0188682864320865	0.445442586537725	0.474254093015277	0	0	0.057499885486447	0	0
spot_303	0	0	0	0	0.807112304010178	0.0649041286630869	0	0	0.0826920727021966	0	0.0452914946245383
spot_304	0	0.0148213476918042	0	0.0150496477607018	0.797806700828397	0	0	0	0.172322303719096	0	0
spot_305	0	0.00304823059354614	0	0	0.435003504390963	0.528943290508635	0	0	0.0330049745068561	0	0
spot_306	0	0	0	0	0.0514997760594097	0.84454868881888	0	0	0.0138345654790917	0	0.0901169696426181
spot_307	0	0	0	0	0.826788374785503	0	0	0	0.0859587228024116	0	0.0872529024120852
spot_308	0	0	0	0.118149147149975	0.001168279785205	0.875612694683244	0	0	0.00506987838157546	0	0
spot_309	0	0	0	0	0.770081366520302	0.145334607972278	0	0	0.0085319238005633	0.0455916760751159	0.0304604256317411
spot_310	0	0	0	0	0	0.897732245689115	0	0	0.0586090908385082	0.043658663472377	0
spot_311	0	0.00257111751804093	0	0	0.742165829445904	0.197791258929666	0	0	0.0574717941063888	0	0
spot_312	0	0	0	0.0496666669295167	0.0653060082016463	0.770188478176213	0	0	0.107156885271443	0	0.00768196142118041
spot_313	0	0.00955775608444736	0	0	0.566846043222908	0.412851267160959	0	0	0.0107449335316858	0	0
spot_314	0.0352694544606937	0.0262728917306009	0.00846993555681133	0.413414350626626	0	0	0	0	0	0.516573367625268	0
spot_315	0	0	0	0	0.619003743853331	0	0	0	0.370352546151955	0	0.0106437099947141
spot_316	0	0.0321363138026472	0	0	0.137961919267294	0.00741886917100746	0	0.713241061119747	0.0751321980371658	0.0341096386021393	0
spot_317	0	0	0	0.0388556254008023	0.0605170516062503	0	0	0	0.900627322992947	0	0
spot_318	0	0	0	0	0.0853364978940903	0.878340046153059	0	0	0.0125186619416705	0	0.0238047940111803
spot_319	0	0.00266680054714244	0	0.0112666745048943	0.751241562590488	0.226624035460958	0	0	0.00820092689651711	0	0
spot_320	0	0.00327407096368966	0	0.0122276122616184	0.647234755507034	0.317464947231767	0	0	0.0103319007496178	0	0.00946671328627392
spot_321	0	0	0	0	0.877103355937524	0	0	0	0.122896644062476	0	0
spot_322	0	0.00405421004714288	0	0	0.683526781633904	0.150893148790754	0	0	0.145562723107899	0	0.0159631364202999
spot_323	0	0	0	0	0.00711979174992714	0.992880208250073	0	0	0	0	0
spot_324	0.00906811560175773	0.032850597368361	0	0	0.183668294345429	0.0438617810452845	0	0.578705971294243	0.133374624240635	0.0107509723010401	0.00771964380324932
spot_325	0	0.00302883315682621	0	0	0.345873666806039	0.640942785468572	0	0	0.0101547145685625	0	0
spot_326	0	0.00234687627603314	0	0	0.125709633781859	0.871943489942107	0	0	0	0	0
spot_327	0	0.00473462773549641	0	0	0.103645393075383	0	0.0187378959886483	0.70845089412653	0.164431189073942	0	0
spot_328	0	0.00490860362660345	0	0	0.0369938442807603	0.00622120023205404	0.0314066736895968	0.758643231581163	0.151585096814497	0	0.0102413497753253
spot_329	0	0	0	0	0	0.999999999999999	0	0	0	0	0
spot_330	0	0	0.0075996273551091	0	0	0.0291697539627665	0	0.802353077675311	0	0	0.160877541006813
spot_331	0	0.00349002141910368	0	0.00626381073272879	0.00715004004890855	0	0	0.975690441842239	0	0.00740568595702022	0
spot_332	0	0.0251349735256563	0	0	0.781249981102636	0.118522510916732	0	0	0.0750925344549758	0	0
spot_333	0	0.0113944875509276	0	0	0.200729964423337	0.0430199691795001	0	0	0.0414271951348065	0.703428383711429	0
spot_334	0	0.086523334278841	0	0	0	0.913476665721159	0	0	0	0	0
spot_335	0	0	0	0.060161347169293	0.138988666235031	0.38284041931595	0.0954021966991319	0	0.178879304019745	0	0.143728066560849
spot_336	0.0371858116023399	0.0671093147761114	0.00342059302938977	0	0	0	0	0	0	0.892284280592159	0
spot_337	0	0.0234915882661353	0	0	0.405531648396552	0.420886999097233	0	0	0.150089764240079	0	0
spot_338	0	0	0	0	0.810766969296355	0	0	0	0.185708957467178	0	0.00352407323646656
spot_339	0	0.0154260637641099	0	0.00390170283810477	0.28661101425987	0.617652821761606	0	0	0.0764083973763089	0	0
spot_340	0	0.00351051370489888	0	0.109202671006004	0.261997011926104	0.56341011727607	0	0	0.0618796860869234	0	0
spot_341	0	0	0	0	0.241953395087565	0.744251125331035	0	0	0.0137954795814001	0	0
spot_342	0.0036547951388956	0.068552745215784	0	0	0	0.854744864809779	0	0.0240428748163593	0	0.0490047200191818	0
spot_343	0	0	0	0	0.021272428682962	0.949671383393771	0	0	0.00635767372735266	0	0.0226985141959143
spot_344	0	0	0	0.0189112720507055	0.00315874469508268	0.931933822041311	0	0	0.00327907714661591	0	0.0427170840662853
spot_345	0	0	0	0.00286720947480488	0.15067741454527	0.846455375979924	0	0	0	0	0
spot_346	0	0.0322403404759369	0	0	0.26953616165842	0.453429080643611	0.166126398948225	0	0.0786680182738067	0	0
spot_347	0	0	0	0	0.0322624503672749	0.932637622067779	0	0	0.0350999275649461	0	0
spot_348	0	0.00340577658696601	0	0	0.868744745682453	0.127849477730582	0	0	0	0	0
spot_349	0	0	0	0	0.0599752167167016	0.933741947710481	0	0	0.00628283557281761	0	0
spot_350	0	0.00941815362105805	0	0	0.90871099345956	0	0	0	0.0818708529193825	0	0
spot_351	0	0	0	0	0.988741536555333	0	0	0	0.0112584634446669	0	0
spot_352	0	0.00350356598122409	0	0	0.407103464857447	0.503827713555049	0	0	0.0509932590833595	0	0.0345719965229201
spot_353	0	0.00311218266993277	0	0	0.259314729220567	0.698741378126758	0	0	0.038831709982742	0	0
spot_354	0	0.00344369113902432	0	0	0.7431278512582	0.203394988332832	0	0	0.0238812621559219	0	0.0261522071140217
spot_355	0	0.0237471013618184	0	0	0.658897496442313	0.106605582966523	0	0	0.0657027998184304	0	0.145047019410915
spot_356	0	0	0	0	0.414140019518794	0.0318359499858103	0	0	0.00162923776840982	0.552394792726986	0
spot_357	0	0	0	0	0.00526344353878456	0.994736556461216	0	0	0	0	0
spot_358	0	0.0107298576340977	0	0	0.53519099030046	0.433806944629021	0	0	0.0085630869753708	0	0.0117091204610501
spot_359	0.0119720701326969	0.016586246693308	0	0	0.198118851089612	0.0463407758016482	0	0	0.00435391362590763	0.722628142656827	0
spot_360	0	0.00488792974168366	0	0.0347054961201405	0.160048853657697	0.781238334446724	0	0	0.0191193860337541	0	0
spot_361	0	0.066673200559699	0	0	0.0414426186587987	0.284020718526101	0	0.526330511293578	0.00761528293419059	0.0739176680276326	0
spot_362	0	0	0	0	0.303120569383461	0.643997591526913	0	0	0.0528818390896258	0	0
spot_363	0	0.00385721270401144	0	0	0.766897086775482	0.229245700520507	0	0	0	0	0
spot_364	0	0	0	0	0.00700359369816635	0.977636395111413	0	0	0.0153600111904209	0	0
spot_365	0	0	0	0.221963494253194	0.0487282465832254	0.723871138480331	0	0	0.00543712068325022	0	0
spot_366	0	0.0181680801091559	0	0.00767022349590485	0.437071475557242	0.383594595610435	0	0	0.0923412419968994	0	0.0611543832303629
spot_367	0	0.00170072869904318	0	0	0.0698749949066536	0.833927692303793	0	0	0.0237932143071243	0.0228788505939105	0.0478245191894758
spot_368	0	0	0	0.00945399144458192	0.39016287971113	0.338204696898583	0	0	0.0893531278346673	0.0724728661528104	0.100352437958227
spot_369	0	0.0138690963825427	0	0	0.201459844475047	0.77293938862347	0	0	0.0117316705189396	0	0
spot_370	0	0	0	0	0.509797848613096	0.434566452353989	0	0	0.0556356990329151	0	0
spot_371	0	0	0	0	0	0.954498969531676	0	0	0.0455010304683243	0	0
spot_372	0	0.00510516989278564	0	0	0.720889135070567	0.274005695036647	0	0	0	0	0
spot_373	0	0	0	0	0.89468623785816	0	0	0	0.10531376214184	0	0
spot_374	0	0.00324978338244824	0	0	0.636918232562597	0.30791071377994	0	0	0.0519212702750151	0	0
spot_375	0	0.02832457615418	0	0	0.451037022310506	0.426100888793444	0	0	0.0945375127418699	0	0
spot_376	0	0	0	0	0.0157234206473128	0.922314682046133	0	0	0.0619618973065539	0	0
spot_377	0	0	0	0.00964400982176971	0.851808183122668	0.0933432304976503	0	0	0.0452045765579115	0	0
spot_378	0	0	0	0	0.212734387407621	0.332640904575121	0	0	0.0587849951593994	0	0.395839712857859
spot_379	0	0	0	0	0	1	0	0	0	0	0
spot_380	0	0.00216312187501045	0	0	0.0698117886712857	0.709903641008823	0	0	0.0390296640225284	0	0.179091784422352
spot_381	0	0.00502156323457316	0	0	0.897522853944272	0.0974555828211548	0	0	0	0	0
spot_382	0	0.00377421160325908	0	0.0123957542903782	0.599069530282452	0.36382008438781	0	0	0.0116004581327955	0	0.00933996130330606
spot_383	0	0	0	0.0421073640670569	0.336893634168896	0.605534868686514	0	0	0.0154641330775336	0	0
spot_384	0.0140715687410787	0.0172304958708216	0	0	0.203679413161156	0.0438618431345475	0	0	0.00365237286143053	0.717504306230966	0
spot_385	0	0	0	0	0.0499404897884476	0.843127554416406	0	0	0.102482493843827	0	0.00444946195132003
spot_386	0	0	0	0	0.218019304294125	0.762285518474049	0	0	0.0196951772318261	0	0
spot_387	0	0.0193348939623909	0	0	0.384160074773889	0.542091935486549	0	0	0.0150717815167824	0	0.0393413142603884
spot_388	0	0	0	0	0.0210499480276412	0.978950051972359	0	0	0	0	0
spot_389	0	0	0	0.00703311298126392	0.0377782577813598	0.91234436942098	0	0	0.0138657202504144	0	0.0289785395659821
spot_390	0	0	0	0.0156333783922616	0.342341463702757	0.577501280259015	0	0	0.0200244163024391	0	0.0444994613435275
spot_391	0	0	0	0	0	1	0	0	0	0	0
spot_392	0.0145447749007285	0.194183041634429	0.122817056678905	0	0.115243149026401	0.194897671979168	0	0.0732472590534583	0.0577447779246442	0.227322268802267	0
spot_393	0.00630596110885981	0.0233415196041733	0.0541161622080963	0	0.0538093196399134	0.0223028301169494	0	0.833201829558752	0	0.00692237776325601	0
spot_394	0.00686147290735871	0.0773110772389037	0.20032429874693	0	0.154283309088384	0	0	0.539450514185633	0	0.0217693278327904	0
spot_395	0.00832861809571515	0.0136011146249529	0	0.235542706823208	0.320231351041932	0.250339417803403	0	0.0764348163707177	0.0204640581484444	0	0.0750579170916272
spot_396	0	0.0107305781592856	0	0	0.298629810255019	0.320374850228043	0	0	0.0282291515473651	0.292991043841972	0.0490445659683151
spot_397	0	0.0469635048745143	0	0	0.300780090205543	0.575714678952736	0	0	0.0765417259672071	0	0
spot_398	0	0.0427404849979692	0.0118674832916032	0	0.0056653823409298	0.903961290423385	0	0.0357653589461124	0	0	0
spot_399	0.0165782095706596	0.0690654250813935	0	0	0.26820221698918	0.557608609430637	0	0.0283471513640856	0.0138444858739666	0.0463539016900775	0
spot_400	0	0.00460977602174123	0	0	0	0.00819019021322731	0	0.923508420510025	0	0.0636916132550065	0
spot_401	0.0134423327038398	0.0220176688218471	0	0	0.410955961247612	0.538781136187067	0	0	0.0148029010396332	0	0
spot_402	0	0.00926882636762882	0.00417908578495867	0	0	0.986552087847412	0	0	0	0	0
spot_403	0	0	0	0	0.728090022641551	0.0619071506199213	0	0	0.210002826738528	0	0
spot_404	0	0	0	0.424002679083226	0.0990983479991552	0.476898972917619	0	0	0	0	0
spot_405	0	0	0	0	1	0	0	0	0	0	0
spot_406	0	0.0052618981943214	0	0	0.0898931431876403	0.00933404561454421	0	0.732697875039081	0.162813037964413	0	0
spot_407	0	0	0	0.142826553462074	0.591896034945275	0.236821035129486	0	0	0.0128028053355336	0	0.0156535711276314
spot_408	0	0.0416048206459201	0	0	0.48446431242709	0.255825297205204	0	0.20771143703067	0.0103941326911158	0	0
spot_409	0.0157130648718625	0.0243018646918694	0	0	0.0324789045657241	0	0	0	0.0241035652773027	0.903402600593242	0
spot_410	0	0	0	0	0.325287371982145	0	0	0	0.657299558064198	0	0.0174130699536573
spot_411	0	0	0	0	0.238475902507933	0.680307590057388	0	0	0.0518262452642545	0	0.0293902621704251
spot_412	0	0	0.00576962953900705	0	0.0225709844872311	0.897282046840631	0	0.0743773391331309	0	0	0
spot_413	0	0.00470410787972477	0	0.380673778891578	0.0168107905974101	0.577188501902284	0	0	0.0206228207290035	0	0
spot_414	0	0.0144238319194273	0	0.0355056730430496	0.310806422838996	0.626038316318479	0	0	0.0132257558800476	0	0
spot_415	0	0.0134989445462071	0	0	0	0.965409436076233	0	0.0177774355709521	0.00331418380660741	0	0
spot_416	0.0975207202615318	0.0381325507901556	0	0.0429892124147798	0.00194736096546811	0	0	0.303075836391179	0	0.430800987514703	0.0855333316621827
spot_417	0	0.00448140762299142	0	0	0.793138843028682	0.202379749348327	0	0	0	0	0
spot_418	0	0	0	0	0.0436350139868553	0.956364986013145	0	0	0	0	0
spot_419	0	0.00685003531211802	0.0371270161675107	0	0.0349585722719819	0.00700426550090257	0	0.90392460335183	0	0.0101355073956574	0
spot_420	0	0	0	0	0.098920988664603	0	0	0	0.901079011335397	0	0
spot_421	0	0	0	0	0.00526766317413734	0.994732336825863	0	0	0	0	0
spot_422	0	0	0	0	0.00450374913819208	0.995496250861808	0	0	0	0	0
spot_423	0	0	0	0	0.406109076249888	0	0	0	0.573731315734879	0	0.0201596080152334
spot_424	0	0	0	0	0.566967988724438	0.254054919589104	0	0	0.148973958538474	0	0.0300031331479845
spot_425	0	0	0	0	0.123568585694598	0.865015614073799	0	0	0.0114158002316039	0	0
spot_426	0	0	0	0	0.0356763067177454	0.625064840413922	0	0	0.339258852868333	0	0
spot_427	0	0	0	0	0.0539004202243053	0.663509606582008	0	0	0.282589973193686	0	0
spot_428	0	0	0	0	0	1	0	0	0	0	0
spot_429	0	0	0	0	0.762594567818075	0	0	0	0.224249616473645	0	0.0131558157082794
spot_430	0	0.00547844684954358	0	0	0.52172095931979	0.459465851959277	0	0	0.0133347418713896	0	0
spot_431	0	0.0110734917888169	0	0.376000218717538	0.0891256676129308	0.509294284485433	0	0.00184818229887655	0.0126581550964046	0	0
spot_432	0	0.00405722768719056	0	0	0.463841366930255	0.521545617053462	0	0	0.0105557883290928	0	0
spot_433	0	0.00732462727248845	0	0	0.0103019573021128	0.0465366816432742	0	0.935836733782125	0	0	0
spot_434	0	0	0	0.872416917777832	0.0875701470314681	0	0	0	0.0400129351907	0	0
spot_435	0	0.00427147431253952	0	0.0117948025489365	0.598510845287742	0.35098547170487	0	0	0.0208840209452773	0	0.0135533852006345
spot_436	0	0	0	0	0	1	0	0	0	0	0
spot_437	0	0.0143075998732336	0	0.0314829493610645	0.347624143050435	0.0943904315438432	0	0.459112325731726	0.0530825504396979	0	0
spot_438	0	0.0023155431719636	0	0	0.7287350805426	0.259472707173729	0	0	0	0	0.00947666911170814
spot_439	0.00607165351041668	0.0599143983406951	0.064645811000596	0	0.124121709558267	0.546252448510947	0	0.00121483855390654	0.0337552660498615	0.128085692465033	0.0359381820102777
spot_440	0	0	0	0	0.0167011751131514	0.902682948632285	0	0	0.0401280231152285	0	0.0404878531393348
spot_441	0	0.0147569088144605	0	0	0.0531775712985375	0.23757270304014	0	0.530730030173721	0.0714771726423372	0.0922856140308042	0
spot_442	0	0.0151149480992119	0	0	0.286071108112579	0.698813943788209	0	0	0	0	0
spot_443	0	0.00253964860373704	0	0	0.529798471610501	0.416580671204567	0	0	0.0510812085811946	0	0
spot_444	0	0	0	0	0.340131078193231	0.57705257429918	0	0	0.0828163475075902	0	0
spot_445	0	0.0057274570488226	0	0	0.557276689252948	0.436995853698229	0	0	0	0	0
spot_446	0	0.038433948206401	0.0424455312604134	0	0.206920747095767	0.0963156332047693	0	0.435032314714483	0.00608387609513466	0.174767949423032	0
spot_447	0	0	0	0	0.342187291876948	0.437334866962238	0	0	0.1756933569278	0	0.044784484233014
spot_448	0	0.00228033443009819	0	0	0.137496484326583	0.826316736624525	0	0	0.033906444618794	0	0
spot_449	0	0	0	0	0	0.995712968274085	0	0	0.00428703172591543	0	0
spot_450	0	0	0	0	0.0338192810786842	0.919813071989018	0	0	0.0463676469322984	0	0
spot_451	0	0	0	0	0.0431449951050296	0.940688022692012	0	0	0.0161669822029579	0	0
spot_452	0	0	0	0	0.00538432001111109	0.994615679988889	0	0	0	0	0
spot_453	0.00653535787924744	0.00856244230789488	0	0.00417376272522208	0.0124843940437882	0.85575924591737	0	0.00142905773281024	0	0.111055739393668	0
spot_454	0	0.00447438640387367	0	0	0.822083220430999	0.162239574365241	0	0	0.0112028187998872	0	0
spot_455	0	0	0	0	0.66332405014675	0.0165904906503988	0	0	0.292653654701937	0	0.0274318045009139
spot_456	0	0	0	0	0	0.990772158137464	0	0	0.00922784186253538	0	0
spot_457	0	0	0	0	0.366090573849698	0.503735611832089	0	0	0.0631344767414684	0	0.067039337576745
spot_458	0	0.0034304801685993	0	0	0.426892021610182	0.560683464837818	0	0	0.00899403338340066	0	0
spot_459	0.00535482063264562	0.173813585561656	0.106318554849139	0	0.0489248610725293	0.417436454163718	0	0	0.0473951128144042	0.200756610905908	0
spot_460	0	0	0	0.0450598049569599	0.0676662122212498	0.88727398282179	0	0	0	0	0
spot_461	0	0.101217103452201	0.0693667250167027	0	0.396783091938509	0.351263461884346	0	0	0.0813696177082415	0	0
spot_462	0	0.0706395448934769	0	0	0.487984798500076	0.19776495519563	0.038037067007601	0.0944792790330917	0.089269616551263	0	0.0218247388188619
spot_463	0	0	0	0	0	0.8004727927168	0	0	0.1995272072832	0	0
spot_464	0	0	0	0.00249521027078548	0.0412466396949035	0.708767490049397	0	0	0.0150900968334413	0	0.232400563151473
spot_465	0	0.0173148415403964	0.0118963558458399	0	0	0	0	0.970788802613764	0	0	0
spot_466	0	0.0156042669038271	0	0	0.606650139847766	0.298394365008799	0	0	0.0793512282396084	0	0
spot_467	0	0	0	0	0.0631146364164296	0.894703880568493	0	0	0.0421814830150772	0	0
spot_468	0	0.0154121402703492	0	0	0.239795571368251	0.0757223607373576	0.448824551361519	0	0.206586150472969	0.0136592257895534	0
spot_469	0	0.0209221457867632	0	0	0	0.881467395153297	0	0.0976104590599402	0	0	0
spot_470	0	0.0190788114137708	0	0.0025598247869605	0.344932476048914	0.55745716690703	0	0	0.0759717208433244	0	0
spot_471	0	0.0115652788932165	0	0	0.103650238180034	0.0342312813021896	0.0396400573549875	0.746651659016428	0.0525360455690791	0	0.0117254396840654
spot_472	0	0	0	0	0.904684680997846	0.0398479771606474	0	0	0.0455197160138396	0	0.00994762582766748
spot_473	0	0.0519427818609101	0.0849189433698163	0.0205972157100106	0.432718169339412	0.145298040215633	0	0.214225345590349	0.0502995039138685	0	0
spot_474	0	0	0	0	0.243875513099114	0.273884013434997	0	0	0.151486030305277	0	0.330754443160611
spot_475	0	0.00320483216121503	0	0.177291318336893	0.13161586860627	0.63942407460132	0	0	0.0484639062943022	0	0
spot_476	0	0	0	0	0.858973292223532	0.00864500142331152	0	0	0.114933737722596	0	0.0174479686305606
spot_477	0	0.00309382079971169	0	0	0.392982494888932	0.557483433592089	0	0	0.0464402507192677	0	0
spot_478	0.0217490001837236	0.0752030590066105	0.245929665480998	0	0	0.158927666315875	0	0	0	0.498190609012793	0
spot_479	0	0	0	0	0.57985093830818	0.306240157849776	0	0	0.0730892648969416	0	0.0408196389451032
spot_480	0	0.0155211371330943	0	0	0.077491212375925	0.47995799788682	0	0	0	0.427029652604161	0
spot_481	0.00544503287567685	0.0308686655216874	0.0487569284724886	0	0.143161724624885	0	0	0.758405595140434	0	0.0133620533648281	0
spot_482	0	0.00131293930587794	0	0	0.251144606779519	0.732219293371458	0	0	0.011560348200179	0	0.00376281234296604
spot_483	0	0	0	0	0.189688690281039	0.527979549654917	0	0	0.237198381317831	0	0.0451333787462129
spot_484	0	0.00228820310580786	0	0	0.0332037470415738	0.844611944535968	0	0	0.0139999502984366	0	0.105896155018214
spot_485	0	0	0	0	0.298937882092064	0.685719366486435	0	0	0.0153427514215008	0	0
spot_486	0	0	0	0	0.187778238934463	0.741558663071698	0	0	0.0706630979938389	0	0
spot_487	0	0	0	0	0.519995753576217	0.433563822854128	0	0	0.0464404235696548	0	0
spot_488	0	0.0231834941556481	0	0.0235368055256643	0.31725881108915	0.558286542176038	0	0	0.0777343470534993	0	0
spot_489	0	0.0055354029340942	0	0	0.0375534224220241	0.734313217840148	0	0	0.0254332635102359	0	0.197164693293498
spot_490	0	0	0	0	0.248162915184467	0.675836447679246	0	0	0.00792449126396598	0	0.0680761458723214
spot_491	0	0	0	0.324736633652014	0.347333056369054	0.327930309978932	0	0	0	0	0
spot_492	0	0.0171251743236528	0	0	0.722853200370427	0.217453318618052	0	0	0.0328815069562852	0	0.00968679973158311
spot_493	0	0	0	0.00516004542406608	0.0404513040411131	0.908829955409985	0	0	0.0171423491453357	0	0.0284163459795004
spot_494	0	0.0486633164060996	0.0786563344510976	0	0.126554454691834	0.717540289327096	0	0.0122039169780071	0.0163816881458661	0	0
spot_495	0	0	0	0.00583354659029867	0.116537151525185	0.830643790750093	0	0	0.016323449729128	0	0.0306620614052962
spot_496	0	0.0217637624400262	0	0.029511246043489	0.270168944790469	0.623948530583191	0	0	0.0546075161428254	0	0
spot_497	0.00422860874317409	0.036275014029461	0.107274065124982	0	0.625085316675679	0.0128504472511249	0	0.130307159436382	0.0555084253277864	0.018525197676255	0.00994576573515503
spot_498	0	0.0042164773815763	0	0.148188942484321	0.0600405147554567	0.787554065378646	0	0	0	0	0
spot_499	0	0	0	0	0	1	0	0	0	0	0
spot_500	0	0.028899947575236	0.0461952952204803	0	0.0334091623816895	0.202480053772376	0	0.56794877540617	0	0.121066765644048	0
spot_501	0	0.092484964078281	0	0	0.778069083839801	0	0	0	0.129445952081918	0	0
spot_502	0	0.00659866469621182	0	0	0.614408687677154	0	0	0.154292729769894	0.224699917856741	0	0
spot_503	0	0	0	0	1	0	0	0	0	0	0
spot_504	0	0	0	0	0.957254230144771	0	0	0	0.0365280133076779	0	0.00621775654755075
spot_505	0	0.00329037176418694	0	0	0.852241886124025	0	0	0	0.144467742111787	0	0
spot_506	0	0	0	0	1	0	0	0	0	0	0
spot_507	0	0.00386544301614169	0	0	0.980702981370613	0	0	0	0.0154315756132447	0	0
spot_508	0	0	0	0	1	0	0	0	0	0	0
spot_509	0	0.00801576330484946	0	0.0199421241116476	0.855340432743302	0	0	0	0.103027166628182	0	0.0136745132120192
spot_510	0	0	0	0.195093554930181	0.182257651687167	0	0	0.121911976278947	0.500736817103705	0	0
spot_511	0	0.0171346954666396	0	0	0.982865304533361	0	0	0	0	0	0
spot_512	0	0	0	0	1	0	0	0	0	0	0
spot_513	0	0.00141143613405777	0	0.111929351214179	0.828306889607992	0	0	0	0.0583523230437708	0	0
spot_514	0	0.0054749478552377	0	0	0.994525052144763	0	0	0	0	0	0
spot_515	0	0	0	0.0062448626525531	0.0596448843719105	0	0	0	0.934110252975537	0	0
spot_516	0	0.00747854927588564	0	0.0120949279577241	0.970265511609551	0	0	0	0	0	0.0101610111568402
spot_517	0	0.00831040202545509	0	0	0.979196255649122	0	0	0	0.0124933423254229	0	0
spot_518	0	0.0173065579411194	0	0	0.784404052611631	0	0	0.0721801453794255	0.126109244067824	0	0
spot_519	0	0	0	0	1	0	0	0	0	0	0
spot_520	0	0	0	0.0212147881470142	0.301657957697973	0	0	0.493433877164851	0.119305093712261	0.0643882832779013	0
spot_521	0	0.00856924481590053	0	0	0.900341685871023	0	0	0	0.0910890693130764	0	0
spot_522	0	0.0151731928198897	0	0	0.98482680718011	0	0	0	0	0	0
spot_523	0	0	0	0	0.929745829880938	0	0	0	0.0702541701190618	0	0
spot_524	0	0	0	0	1	0	0	0	0	0	0
spot_525	0	0	0	0	1	0	0	0	0	0	0
spot_526	0	0.00943557590131859	0	0	0.990564424098681	0	0	0	0	0	0
spot_527	0	0.00838431402471817	0	0	0.991615685975282	0	0	0	0	0	0
spot_528	0	0	0	0	0.247924528459466	0	0	0.0308141219604519	0.713139293824354	0	0.00812205575572773
spot_529	0	0	0	0	1	0	0	0	0	0	0
spot_530	0	0.0119068595461073	0	0	0.849488478125696	0	0	0	0.138604662328197	0	0
spot_531	0	0	0	0	1	0	0	0	0	0	0
spot_532	0	0	0	0	1	0	0	0	0	0	0
spot_533	0	0.00345469536988784	0	0	0.996545304630112	0	0	0	0	0	0
spot_534	0	0.0104003841710092	0.00328389103392394	0.460918925425639	0	0	0	0.525396799369427	0	0	0
spot_535	0	0	0	0	0.730881615988116	0	0	0	0.269118384011884	0	0
spot_536	0	0	0	0	1	0	0	0	0	0	0
spot_537	0	0	0	0	0.642661905072422	0	0	0	0	0.357338094927578	0
spot_538	0	0	0	0	1	0	0	0	0	0	0
spot_539	0	0.0120192310899306	0	0	0.667130318919178	0	0	0	0.320850449990891	0	0
spot_540	0	0.00783667029548188	0	0	0.344754909425763	0	0	0	0.647408420278755	0	0
spot_541	0	0	0	0	1	0	0	0	0	0	0
spot_542	0	0.00814509721805114	0	0	0.991854902781949	0	0	0	0	0	0
spot_543	0	0.00193946634057235	0	0	0.945042605207868	0	0	0	0.0530179284515593	0	0
spot_544	0	0	0	0	1	0	0	0	0	0	0
spot_545	0	0.0155769980464652	0	0	0.912788284400261	0	0	0	0.0716347175532733	0	0
spot_546	0	0	0	0.262325395669404	0.710967922477173	0	0	0.0267066818534226	0	0	0
spot_547	0	0.0129326387055844	0	0	0.960703939408057	0	0	0	0.0263634218863581	0	0
spot_548	0	0.040784335560273	0	0	0.959215664439727	0	0	0	0	0	0
spot_549	0	0	0	0	0.990300978463874	0	0	0	0.00969902153612604	0	0
spot_550	0	0	0	0	0.991868222389377	0	0	0	0.00813177761062333	0	0
spot_551	0	0	0	0	0.57912586244631	0	0.305747500107317	0.0978300931527998	0	0	0.0172965442935729
spot_552	0	0.00188566016629016	0	0	0.187747664682385	0	0	0.49514202258563	0.297176361457172	0	0.0180482911085216
spot_553	0	0.00429851813339436	0	0.0113146708727018	0.24783337278282	0	0	0	0.736553438211083	0	0
spot_554	0	0.0258711188129134	0	0	0.563523943777555	0	0	0.0671644007015389	0.343440536707992	0	0
spot_555	0	0.0169330328922252	0	0.0297152559814962	0.208792807899927	0.0335351080116624	0	0	0.116743707858106	0.594280087356583	0
spot_556	0	0.0314880195011649	0	0	0.606183178032622	0	0	0.0141075590684532	0.266073339507144	0.082147903890615	0
spot_557	0	0.0072686266603441	0	0	0.992731373339656	0	0	0	0	0	0
spot_558	0	0.00958943453976975	0	0	0.893453440430533	0	0	0	0.0969571250296972	0	0
spot_559	0.0051168084077232	0.00572748056997855	0	0	0.359613214196604	0	0	0.362900993878525	0.258240769009909	0	0.00840073393725962
spot_560	0	0	0	0	0.594293911827385	0	0	0.0266671481192526	0.379038940053362	0	0
spot_561	0	0	0	0	1	0	0	0	0	0	0
spot_562	0	0.0159849384923115	0	0	0.984015061507689	0	0	0	0	0	0
spot_563	0	0.0151491770016721	0	0	0.984850822998328	0	0	0	0	0	0
spot_564	0	0	0	0	1	0	0	0	0	0	0
spot_565	0.0187324429458425	0.0653799795183144	0.0845019961081694	0	0.607517565899412	0.0301493188917845	0	0	0	0.193718696636477	0
spot_566	0	0	0	0	1	0	0	0	0	0	0
spot_567	0	0	0	0	1	0	0	0	0	0	0
spot_568	0	0	0	0	1	0	0	0	0	0	0
spot_569	0	0.0152021531651004	0	0	0.9847978468349	0	0	0	0	0	0
spot_570	0	0	0	0	0.856367520358558	0	0	0.0499779138777583	0.0936545657636835	0	0
spot_571	0	0.00928182018661208	0	0	0.886829313772346	0	0	0	0.0855696601590929	0.0183192058819493	0
spot_572	0	0.0177084554618761	0	0	0.839581467423319	0	0	0	0.103561980775874	0.0391480963389315	0
spot_573	0	0	0	0	1	0	0	0	0	0	0
spot_574	0	0.0117876115305663	0	0	0.941716684091194	0	0	0	0.04649570437824	0	0
spot_575	0	0	0	0	1	0	0	0	0	0	0
spot_576	0	0.0130479366764856	0	0	0.859547440040451	0	0	0	0.127404623283063	0	0
spot_577	0	0.010781377869633	0	0	0.989218622130367	0	0	0	0	0	0
spot_578	0	0	0	0	0.157104207927947	0	0	0.584868119609513	0.243471626873245	0	0.0145560455892947
spot_579	0	0.012797188884241	0	0	0.987202811115759	0	0	0	0	0	0
spot_580	0	0.00524377932193741	0	0	0.634732522142034	0	0	0.0171818132137781	0.0928444422241818	0	0.249997443098069
spot_581	0	0	0	0.0109069878016072	0.173416397536331	0	0	0	0.815676614662063	0	0
spot_582	0	0.0222295471656116	0	0	0.967134290378054	0	0	0	0.0106361624563345	0	0
spot_583	0	0	0	0	0.991249887048297	0	0	0	0.00875011295170227	0	0
spot_584	0	0.0145123684246889	0	0	0.614020959422843	0	0	0	0.371466672152468	0	0
spot_585	0	0.0294260771920514	0	0	0.420638861272933	0	0	0	0.0424033572709534	0.507531704264062	0
spot_586	0	0	0	0	1	0	0	0	0	0	0
spot_587	0	0	0	0.587741789098297	0.271083502853679	0	0	0	0.141174708048025	0	0
spot_588	0	0.0256305862554526	0	0	0.715757164880736	0	0	0	0.0745076760600105	0.184104572803801	0
spot_589	0	0.00257250785576425	0	0	0.997427492144235	0	0	0	0	0	0
spot_590	0	0.00513012077579582	0	0	0.994869879224204	0	0	0	0	0	0
spot_591	0	0.00965048214419058	0	0	0.990349517855809	0	0	0	0	0	0
spot_592	0	0	0	0	1	0	0	0	0	0	0
spot_593	0	0.00430391856993741	0	0.0362784154816688	0.821444445023802	0	0	0.0135171168987703	0.0220801696995486	0.0871094699282919	0.0152664643979809
spot_594	0	0.0138678289549539	0	0	0.986132171045046	0	0	0	0	0	0
spot_595	0	0	0	0	1	0	0	0	0	0	0
spot_596	0	0.00873858417273263	0	0	0.969692899636523	0	0	0	0.0215685161907443	0	0
spot_597	0	0	0	0	0.99075046916196	0	0	0	0.00924953083804004	0	0
spot_598	0	0.0134904472111868	0	0	0.986509552788813	0	0	0	0	0	0
spot_599	0	0	0	0.0804691465963603	0.552297624830066	0	0	0	0.351712180279605	0	0.0155210482939688
spot_600	0	0	0	0	1	0	0	0	0	0	0
spot_601	0.0219076093912614	0.00381683733536079	0.00254726667467448	0.657533947475094	0	0	0	0	0	0.314194339123609	0
spot_602	0.0127279183917452	0.0103526179120777	0	0	0	0	0	0	0	0.976919463696177	0
spot_603	0	0.0198051357559824	0	0	0.783526898112045	0	0	0.0109935180999521	0	0.185674448032021	0
spot_604	0.0140082948378904	0.0382144798561971	0.00449717484327865	0	0.0274843028213393	0	0	0.10707969907341	0	0.74519839626921	0.0635176522986751
spot_605	0	0.00844141104654534	0	0	0.976071325657239	0	0	0.0154872632962152	0	0	0
spot_606	0	0.00954194314246496	0	0	0.736117816781807	0	0	0.02563102526457	0.228709214811158	0	0
spot_607	0	0.00284307656516784	0	0	0.997156923434832	0	0	0	0	0	0
spot_608	0	0.00404138380811674	0	0	0.90739838675684	0	0	0	0.0885602294350438	0	0
spot_609	0	0	0	0	1	0	0	0	0	0	0
spot_610	0	0.00655333313746543	0	0	0.500288496212577	0	0	0	0.493158170649958	0	0
spot_611	0	0.0275687798772846	0	0	0.972431220122715	0	0	0	0	0	0
spot_612	0	0	0	0.0355410147177434	0.458567935779168	0	0	0.0518258980262522	0.454065151476837	0	0
spot_613	0	0	0	0	0.97922264991787	0	0	0	0.00245191109058521	0.0183254389915449	0
spot_614	0	0.00851745429859844	0	0	0.963433424639511	0	0	0	0.0184952412852791	0	0.00955387977661096
spot_615	0	0	0	0	0.322627445291046	0	0	0	0.677372554708954	0	0
spot_616	0	0.00554076972659564	0	0	0.972105247277293	0	0	0	0.0223539829961111	0	0
spot_617	0	0	0	0	1	0	0	0	0	0	0
spot_618	0	0	0	0	1	0	0	0	0	0	0
spot_619	0	0.0215397021311186	0	0	0.708969770035715	0	0	0	0.269490527833166	0	0
spot_620	0	0.00298838856714565	0	0.0509585823579827	0.554428405003392	0	0	0.0808549054865548	0.0852248324003281	0.210687780038439	0.014857106146158
spot_621	0	0.0261521364279943	0	0	0.518857890809926	0	0	0	0.45498997276208	0	0
spot_622	0	0	0	0	0.915360242658318	0	0	0	0.0786275693693401	0	0.00601218797234217
spot_623	0	0	0	0	0.990098376248239	0	0	0	0.00990162375176162	0	0
spot_624	0	0	0	0	0.723027367990309	0	0	0	0.060534074212619	0.216438557797072	0
spot_625	0	0	0	0	1	0	0	0	0	0	0
spot_626	0	0	0	0.0463824206404891	0.928820478913963	0	0	0	0.0247971004455481	0	0
spot_627	0	0	0	0	1	0	0	0	0	0	0
spot_628	0	0	0	0	0.995596750906006	0	0	0	0.00440324909399409	0	0
spot_629	0	0.00842392495029567	0	0	0.991576075049704	0	0	0	0	0	0
spot_630	0	0.0428180796581565	0	0	0.952812315526045	0	0	0	0.00436960481579822	0	0
spot_631	0	0	0	0	0.968500078415827	0	0	0	0.0314999215841725	0	0
spot_632	0	0	0	0	0.688327547375248	0	0	0.084501181319884	0.227171271304868	0	0
spot_633	0	0.00509051076615118	0	0	0.994909489233849	0	0	0	0	0	0
spot_634	0	0	0	0	1	0	0	0	0	0	0
spot_635	0	0	0	0	0.919762891429733	0	0	0	0.080237108570267	0	0
spot_636	0	0	0	0	0.97012238283937	0	0	0	0.02987761716063	0	0
spot_637	0	0.0130088592552409	0	0	0.818031868288766	0	0	0	0.168959272455993	0	0
spot_638	0	0	0	0	0.737903479437398	0	0	0	0.0619407018613294	0.200155818701272	0
spot_639	0	0	0	0	1	0	0	0	0	0	0
spot_640	0	0	0	0	1	0	0	0	0	0	0
spot_641	0	0	0	0	0.888004711635263	0	0	0	0.111995288364736	0	0
spot_642	0	0	0	0	1	0	0	0	0	0	0
spot_643	0	0	0	0	0.980297100140331	0	0	0	0.0197028998596686	0	0
spot_644	0.0220805512726179	0.0412833496937953	0	0	0.936636099033587	0	0	0	0	0	0
spot_645	0	0	0	0	0.906215203129168	0	0	0	0.0937847968708328	0	0
spot_646	0	0	0	0	1	0	0	0	0	0	0
spot_647	0	0	0	0.169162268437879	0.818442873679046	0	0	0	0.0123948578830752	0	0
spot_648	0.0191669146983702	0.0321376283472399	0	0	0.679181761701555	0	0	0.256996705743294	0	0.0125169895095406	0
spot_649	0	0	0	0	0.990563862362761	0	0	0	0.00943613763723916	0	0
spot_650	0	0.00283270394393638	0	0	0.878975147724661	0	0	0	0.118192148331402	0	0
spot_651	0.0367361668514534	0.0466362391455298	0	0	0.0194405410742186	0	0	0.019028239192088	0.00241065242098588	0.828989404875399	0.0467587564403247
spot_652	0	0	0	0	0.690811478951379	0	0	0.222592794951365	0.0865957260972561	0	0
spot_653	0	0	0	0	1	0	0	0	0	0	0
spot_654	0	0	0	0	1	0	0	0	0	0	0
spot_655	0	0	0	0	0.721463439654269	0	0	0	0.27853656034573	0	0
spot_656	0	0.00680331158855835	0	0.0137945132185224	0.902631174601572	0	0	0	0.0418482153018209	0.0349227852895258	0
spot_657	0	0	0	0	0.973493215471065	0	0	0	0.0265067845289343	0	0
spot_658	0	0	0	0.054238031245331	0.923352331880775	0	0	0	0.0224096368738941	0	0
spot_659	0	0	0	0	0.992241526704516	0	0	0	0.00775847329548411	0	0
spot_660	0.014592387072378	0.0182392200842059	0	0	0.774325724166918	0	0	0.0491158091886404	0.143726859487857	0	0
spot_661	0	0	0	0	0.9777941663857	0	0	0	0	0.0222058336143005	0
spot_662	0.0103220497609009	0	0	0	0.98587962750208	0	0	0	0.00379832273701778	0	0
spot_663	0	0	0	0	0.991459461830018	0	0	0	0.00854053816998198	0	0
spot_664	0.018142488850651	0.0264186384197991	0	0	0.601894223568675	0	0	0	0.051231174752226	0.302313474408649	0
spot_665	0.0146208770109801	0.00903491191457448	0	0	0.0789056315162694	0	0	0	0.0192156940535287	0.878222885504648	0
spot_666	0	0.00357822670260492	0	0	0.962111811964592	0	0	0	0.0113610180002771	0.0229489433325275	0
spot_667	0.0523301037446274	0.0196540005006643	0	0	0.903834232659138	0	0	0	0	0.02418166309557	0
spot_668	0	0.00624813248367138	0	0.0494784297097553	0.928781955576126	0	0	0	0	0.0154914822304474	0
spot_669	0	0	0	0	0.64976142658255	0	0	0.11983592600068	0.230402647416771	0	0
spot_670	0	0	0	0	0.916966382720637	0	0	0	0.0830336172793631	0	0
spot_671	0	0	0	0	1	0	0	0	0	0	0
spot_672	0.0225021444455487	0.0674225211115351	0	0	0.89724809437163	0	0	0	0.0128272400712859	0	0
spot_673	0	0	0	0	0.937494847668123	0	0	0	0.0625051523318772	0	0
spot_674	0	0	0	0	0.749617435384189	0.0363472164103967	0	0	0.184341161415298	0.0296941867901159	0
spot_675	0	0	0	0	1	0	0	0	0	0	0
spot_676	0	0	0	0	0.985002344861249	0	0	0	0.014997655138751	0	0
spot_677	0	0	0	0	0.690131097352804	0	0	0	0.148717060510009	0.161151842137187	0
spot_678	0	0	0	0	0.449012720172093	0	0	0.275261361939683	0.275725917888224	0	0
spot_679	0	0	0	0	0.997542677938908	0	0	0	0.00245732206109187	0	0
spot_680	0	0	0	0	0.993973297089051	0	0	0	0.00602670291094964	0	0
spot_681	0	0.00819048526488214	0	0.0162581369637063	0.956466458302186	0	0	0	0.0190849194692258	0	0
spot_682	0	0	0	0	1	0	0	0	0	0	0
spot_683	0	0	0	0	0.97047470552938	0	0	0	0.0295252944706199	0	0
spot_684	0	0	0	0	0.991021388116558	0	0	0	0.00897861188344222	0	0
spot_685	0	0.0041063384310588	0	0	0.417374976493067	0	0	0.00770042398778441	0.030596649535698	0.540221611552392	0
spot_686	0	0.00440393559417008	0	0	0.0349453029871095	0	0	0.941804018182384	0	0.0188467432363362	0
spot_687	0	0	0	0	0.925219086988647	0	0	0	0.0747809130113526	0	0
spot_688	0	0	0	0	0.463686795208719	0	0	0	0.0132808548220759	0.523032349969206	0
spot_689	0	0	0	0	0.718168107305315	0	0	0	0.281831892694686	0	0
spot_690	0	0	0	0	0.582175467508198	0	0	0.232403478181558	0.185421054310244	0	0
spot_691	0	0	0	0	0.993978867778968	0	0	0	0.00602113222103217	0	0
spot_692	0	0	0	0	0.996158514683816	0	0	0	0.0038414853161834	0	0
spot_693	0	0	0	0	0.843990343370018	0	0	0	0.156009656629981	0	0
spot_694	0	0	0	0	0.989613044652023	0	0	0	0.0103869553479767	0	0
spot_695	0	0	0	0	0.99540576370026	0	0	0	0.00459423629974014	0	0
spot_696	0	0	0	0	1	0	0	0	0	0	0
spot_697	0	0	0	0	0.940048656505066	0	0	0	0.0599513434949337	0	0
spot_698	0	0	0	0	0.996420986120963	0	0	0	0.00357901387903771	0	0
spot_699	0	0.00557153453054199	0	0.349366005989315	0.635257038266937	0	0	0	0.00980542121320587	0	0
spot_700	0.0368231460389363	0.0209015847673726	0	0	0.942275269193691	0	0	0	0	0	0
spot_701	0	0.0054476989956995	0	0	0.426837512116018	0	0	0.365479549239311	0.202235239648972	0	0
spot_702	0.00810071960465666	0.0076927104376546	0	0	0.647030101547066	0	0	0.145425762496047	0	0.191750705914575	0
spot_703	0	0	0	0	0.913469058936407	0	0	0	0.0865309410635925	0	0
spot_704	0.0139844731927037	0	0	0	0.0047254987441218	0	0	0	0	0.981290028063174	0
spot_705	0.00711443587000963	0	0	0	0.990201765548018	0	0	0	0.00268379858197272	0	0
spot_706	0	0	0	0	1	0	0	0	0	0	0
spot_707	0	0	0	0	0.916977976953864	0	0	0	0.0830220230461368	0	0
spot_708	0	0	0	0.0102058684998301	0.0338865592738815	0.00445998062413234	0	0.730252154410824	0.213113940215147	0.00808149697618594	0
spot_709	0.0186125992518117	0.0254674202750398	0	0	0.892858435922076	0	0	0	0.0559696519826627	0.00709189256840992	0
spot_710	0	0	0	0	0.937767458341836	0	0	0	0.0622325416581639	0	0
spot_711	0	0	0	0	0.913068129355541	0	0	0	0.0869318706444589	0	0
spot_712	0	0	0	0	0.97522453972596	0	0	0	0.0247754602740395	0	0
spot_713	0	0	0	0	0.982938820832579	0	0	0	0.0170611791674211	0	0
spot_714	0	0	0	0	0.980205255378741	0	0	0	0	0.0197947446212585	0
spot_715	0	0	0	0	0.993798580458319	0	0	0	0.00620141954168061	0	0
spot_716	0	0	0	0	0.986006286283929	0	0	0	0.0139937137160711	0	0
spot_717	0	0	0	0.819308927633981	0.0839100058736099	0	0	0.0967810664924093	0	0	0
spot_718	0	0	0	0	1	0	0	0	0	0	0
spot_719	0.0157920169501838	0.0302939466018635	0	0	0.940727194681635	0	0	0	0.0131868417663178	0	0
spot_720	0	0.0319985843929838	0	0	0.944281541840378	0	0	0	0.0237198737666386	0	0
spot_721	0	0	0	0	1	0	0	0	0	0	0
spot_722	0	0	0	0	0.811664925329301	0	0	0.160869590209086	0	0.0274654844616129	0
spot_723	0	0	0	0	0.974380777637253	0	0	0	0.0256192223627477	0	0
spot_724	0	0	0	0	0.996537086466125	0	0	0	0.00346291353387453	0	0
spot_725	0	0	0	0	0.729666201876395	0	0	0	0.270333798123605	0	0
spot_726	0	0	0	0	0.494581553714908	0	0	0.167838567710386	0	0.337579878574706	0
spot_727	0	0	0	0	0.994474454677029	0	0	0	0.00552554532297138	0	0
spot_728	0	0	0	0	0.991609479312525	0	0	0	0.00431327462641484	0	0.0040772460610603
spot_729	0	0.00625478092467386	0	0	0.972684630273739	0	0	0	0.0210605888015876	0	0
spot_730	0	0	0	0	0.883338331305084	0	0	0	0.116661668694915	0	0
spot_731	0	0	0	0	0.969039006542158	0	0	0	0.0309609934578419	0	0
spot_732	0	0	0	0.0512110094009167	0.907558054335422	0	0	0.0191517605453041	0.0220791757183571	0	0
spot_733	0	0	0	0	1	0	0	0	0	0	0
spot_734	0	0	0	0	0.887699564857716	0	0	0	0.112300435142284	0	0
spot_735	0	0	0	0	0.985114334292809	0	0	0	0.0148856657071906	0	0
spot_736	0	0.00344482639286859	0	0	0.371165953315554	0	0	0	0.0933888607628277	0.53200035952875	0
spot_737	0	0.00380408570476458	0	0	0.741031853695755	0	0	0	0	0.25516406059948	0
spot_738	0	0.00704093322888753	0	0.100956219027869	0.561656479861164	0	0	0	0.33034636788208	0	0
spot_739	0	0	0	0	0.989216907406266	0	0	0	0.0107830925937342	0	0
spot_740	0	0	0	0.0352934891338886	0.781980129138153	0	0	0	0.182726381727958	0	0
spot_741	0	0.0176466202269858	0	0	0.729287993616069	0	0	0.026496624871909	0.226568761285037	0	0
spot_742	0	0	0	0	1	0	0	0	0	0	0
spot_743	0	0	0	0	1	0	0	0	0	0	0
spot_744	0	0.00380845977500993	0	0	0.748641351014282	0	0	0.0107701188898023	0	0.236780070320906	0
spot_745	0	0.0024437172081117	0	0	0.981608736714725	0	0	0	0.0159475460771633	0	0
spot_746	0	0	0	0	0.797281997675663	0	0	0.0519702091933079	0.131412045161074	0.0193357479699556	0
spot_747	0	0	0	0	1	0	0	0	0	0	0
spot_748	0	0	0	0	1	0	0	0	0	0	0
spot_749	0	0	0	0	0.97551266392082	0	0	0	0.00320697573728729	0	0.0212803603418929
spot_750	0	0	0	0	1	0	0	0	0	0	0
spot_751	0	0	0	0.0959413000315343	0	0	0	0.904058699968465	0	0	0
spot_752	0.122332975615205	0.0480670127460195	0.0064502604712958	0.0358104525831131	0	0	0	0.656639189061625	0	0.130700109522742	0
spot_753	0.362289075753909	0.196870398743629	0.313215429015599	0.127625096486863	0	0	0	0	0	0	0
spot_754	0.118539091078267	0.190710851091874	0.158405130411163	0	0	0	0.0250194693088624	0.473287648153498	0	0	0.0340378099563358
spot_755	0.216161066229872	0.16158493613318	0.161963959167176	0	0	0	0	0.460290038469772	0	0	0
spot_756	0.189274172573054	0.491026550265959	0.319699277160987	0	0	0	0	0	0	0	0
spot_757	0	0.0153543540223127	0	0	0	0	0	0.0209766660508017	0	0.963668979926886	0
spot_758	0.00375847597535858	0.100179014718819	0.0833753191305098	0	0	0	0	0.812687190175312	0	0	0
spot_759	0	0	0	0	0	0	0	1	0	0	0
spot_760	0.0170696268400169	0.0152349115822728	0.0340602277245475	0.933635233853163	0	0	0	0	0	0	0
spot_761	0.612812151110821	0.325396314944884	0.0617915339442946	0	0	0	0	0	0	0	0
spot_762	0.187243518488026	0.630512538327341	0.182243943184633	0	0	0	0	0	0	0	0
spot_763	0	0.0156587119835283	0.00494258159081494	0.903318666004794	0	0	0	0.0760800404208631	0	0	0
spot_764	0.487202197536065	0.367059523600209	0.145738278863726	0	0	0	0	0	0	0	0
spot_765	0.00540816188678981	0.0867293843733321	0.00451387385915615	0	0	0	0	0	0	0.903348579880722	0
spot_766	0.247692141860086	0.603418828715924	0.0728955274074225	0	0	0	0.00600688372045821	0.0573965955712603	0	0	0.012590022724849
spot_767	0	0.0615776161945427	0.0388228046325994	0.889687570936066	0	0	0	0.00991200823679133	0	0	0
spot_768	0.0558975021456662	0.0539573826473936	0	0.0170669027490312	0	0	0	0	0	0.873078212457909	0
spot_769	0	0	0	0.996648439087001	0	0	0	0.00335156091299864	0	0	0
spot_770	0.00388925306334949	0.014290493629693	0.0372205943673777	0.576952691714171	0	0	0	0.36524028858713	0	0.00240667863827818	0
spot_771	0.255369818305018	0.609701319922423	0.134928861772559	0	0	0	0	0	0	0	0
spot_772	0.0431487549286648	0.255434092655018	0.013214431169666	0	0	0	0	0.688202721246652	0	0	0
spot_773	0.01112756761615	0.00329788113929577	0.00219933253031996	0.015189407040254	0	0	0	0.96818581167398	0	0	0
spot_774	0	0.00649507623786865	0.00300137730573086	0.990503546456401	0	0	0	0	0	0	0
spot_775	0.630299598593077	0.325938109971636	0.0437622914352865	0	0	0	0	0	0	0	0
spot_776	0.00377548240050897	0.00528721687438792	0.00227811814611542	0	0	0	0	0.988659182578987	0	0	0
spot_777	0	0.00137780703445846	0	0	0	0	0	0.998622192965542	0	0	0
spot_778	0	0	0	0	0	0	0	1	0	0	0
spot_779	0	0.00580250006298672	0.0050817889652649	0.0581358687920377	0	0	0	0.930979842179711	0	0	0
spot_780	0.0160017706203168	0.111290493794371	0.0117857338135153	0	0	0	0	0.860922001771797	0	0	0
spot_781	0.306220234526072	0.467489433061799	0.0842442533294334	0	0	0	0	0.142046079082696	0	0	0
spot_782	0	0.0808591244585758	0	0	0	0	0	0	0	0.740380864225428	0.178760011315997
spot_783	0.804644944729467	0.0910526373337682	0.104302417936765	0	0	0	0	0	0	0	0
spot_784	0.110027287051168	0.757922564450447	0.132050148498385	0	0	0	0	0	0	0	0
spot_785	0.0284190406335427	0.147889450369573	0.0282323640766271	0	0	0	0	0	0	0.795459144920257	0
spot_786	0.903836772890142	0.030403793354933	0.0657594337549257	0	0	0	0	0	0	0	0
spot_787	0.795331859094552	0.13287031086797	0.0717978300374786	0	0	0	0	0	0	0	0
spot_788	0	0	0	0	0	0	0	0	0	0.925370416343869	0.0746295836561307
spot_789	0.19576340013328	0.680073459875092	0.124163139991628	0	0	0	0	0	0	0	0
spot_790	0	0.0430777660730525	0.0286523247150838	0.830810310935603	0	0	0	0	0	0.0974595982762611	0
spot_791	0.0579628673082451	0.793495143734924	0.148541988956831	0	0	0	0	0	0	0	0
spot_792	0.0245549528847938	0.230362930694795	0.745082116420411	0	0	0	0	0	0	0	0
spot_793	0	0.0937086561399353	0	0	0	0	0	0	0	0.906291343860065	0
spot_794	0.089338702657894	0.0742807132740921	0.836380584068014	0	0	0	0	0	0	0	0
spot_795	0	0.00697976663784287	0	0.993020233362157	0	0	0	0	0	0	0
spot_796	0.670586780537557	0.305779436042673	0.0236337834197694	0	0	0	0	0	0	0	0
spot_797	0	0.144031957702467	0.730445318923179	0.125522723374354	0	0	0	0	0	0	0
spot_798	0	0.00905037649717781	0.028702868321303	0.96224675518152	0	0	0	0	0	0	0
spot_799	0.0878229987202406	0.163785233145647	0.748391768134113	0	0	0	0	0	0	0	0
spot_800	0.0251998288269504	0.0486174340700966	0	0	0	0	0	0.0306455085903357	0	0.815201007907424	0.0803362206051928
spot_801	0.039698275176534	0.0121629820730492	0	0.852643547984861	0	0	0	0	0	0.0954951947655563	0
spot_802	0.588429346993941	0.101507644041281	0.282393726352762	0	0	0	0	0	0	0	0.0276692826120158
spot_803	0.351593825620462	0.407218052760159	0.12592714838184	0.0814897170824482	0	0	0	0.0337712561550912	0	0	0
spot_804	0	0.282813378689536	0.12812717615272	0	0	0	0	0	0	0.589059445157744	0
spot_805	0	0	0	1	0	0	0	0	0	0	0
spot_806	0.0328708143957621	0.823498965821958	0.14363021978228	0	0	0	0	0	0	0	0
spot_807	0.0218135288347248	0.128742207094875	0	0.0239308882083938	0	0	0	0	0	0.825513375862007	0
spot_808	0	0.121324768752219	0.878675231247781	0	0	0	0	0	0	0	0
spot_809	0	0.113573152872094	0	0	0	0	0	0	0	0.886426847127906	0
spot_810	0.404366036265737	0.559787575238307	0.0320325596100874	0	0	0	0	0.00381382888586848	0	0	0
spot_811	0	0	0	0	0	0	0	0	0	1	0
spot_812	0.174304432516959	0.705552815278011	0.120142752205031	0	0	0	0	0	0	0	0
spot_813	0.0204807826198131	0.594908166251091	0.0829081719783124	0	0	0	0	0.301702879150784	0	0	0
spot_814	0.00712676789096968	0.0428691759242808	0.0132996032463056	0	0	0	0.00712676789096968	0.921416236373849	0	0	0.00816144867362475
spot_815	0	0.0172592709132082	0.0729413095792272	0.909799419507565	0	0	0	0	0	0	0
spot_816	0.649513035017613	0.13942204114301	0.211064923839377	0	0	0	0	0	0	0	0
spot_817	0	0	0	0	0	0	0	1	0	0	0
spot_818	0	0.0470500056732797	0.656515705802775	0.289745550050908	0	0	0	0	0	0.00668873847303743	0
spot_819	0.647202642364452	0.188266011445833	0.164531346189716	0	0	0	0	0	0	0	0
spot_820	0.185953969620615	0.0904922073607239	0.596258792947607	0.124309364189604	0	0	0	0	0	0.0029856658814502	0
spot_821	0.736292657713919	0.075544262980561	0.174215499576444	0	0	0	0	0	0	0	0.0139475797290756
spot_822	0.00582425136883759	0.0437931051297558	0.00239346769355817	0	0	0	0	0.947989175807848	0	0	0
spot_823	0.228129102585942	0.693339236199794	0.0785316612142648	0	0	0	0	0	0	0	0
spot_824	0.227089049387111	0.145877021549467	0.260058478513536	0.366975450549885	0	0	0	0	0	0	0
spot_825	0.0709138006499422	0.425032136371813	0.309670267427216	0	0	0	0	0.194383795551029	0	0	0
spot_826	0.465516262464015	0.236283887078497	0.298199850457487	0	0	0	0	0	0	0	0
spot_827	0.00862701837059068	0.188979713283397	0.00302794457370635	0	0	0	0	0	0	0.799365323772306	0
spot_828	0.926209634002842	0	0.073790365997158	0	0	0	0	0	0	0	0
spot_829	0	0	0	0	0	0	0	1	0	0	0
spot_830	0.815750709987199	0.0828008969848979	0.101448393027903	0	0	0	0	0	0	0	0
spot_831	0.248842301605302	0.655049382862837	0.0961083155318617	0	0	0	0	0	0	0	0
spot_832	0.0207732653470026	0.107313831048455	0.0298992505384934	0	0	0	0	0.830181996714267	0	0	0.0118316563517817
spot_833	0.00382874002933609	0.0046840950586283	0	0	0	0	0	0.991487164912036	0	0	0
spot_834	0.0860457288679158	0.165160658142651	0.748793612989434	0	0	0	0	0	0	0	0
spot_835	0.0238324283059603	0.129152429769606	0.0707325409256714	0	0	0	0	0.762789077803012	0	0	0.0134935231957501
spot_836	0.547945206814746	0.131361189683805	0.3022075689991	0	0	0	0	0	0	0	0.0184860345023493
spot_837	0	0.0259622246948849	0.0291366695093349	0.918111509484324	0	0	0	0	0	0.0267895963114569	0
spot_838	0.0189788724490114	0.822254680609417	0.158766446941572	0	0	0	0	0	0	0	0
spot_839	0	0	0	1	0	0	0	0	0	0	0
spot_840	0.401796115828902	0.221751567383684	0.376452316787414	0	0	0	0	0	0	0	0
spot_841	0	0.0312357617193652	0.964892967341852	0.00387127093878263	0	0	0	0	0	0	0
spot_842	0	0.00225229065320261	0.0200016535765026	0	0	0	0	0.969141048394086	0	0	0.00860500737620878
spot_843	0	0	0	0	0	0	0	1	0	0	0
spot_844	0.839317123331768	0.156326003311302	0.00435687335692965	0	0	0	0	0	0	0	0
spot_845	0.913837302165256	0.0335003188403242	0.0526623789944194	0	0	0	0	0	0	0	0
spot_846	0.035155179056496	0.15146367638294	0.0196713292654335	0	0	0	0	0.79370981529513	0	0	0
spot_847	0	0.121762109784557	0.00366878552754176	0	0	0	0	0	0	0.874569104687901	0
spot_848	0.0323702522849433	0.00285287571820214	0	0	0	0	0	0.964776871996855	0	0	0
spot_849	0.257730795751798	0.466638196873888	0.275631007374313	0	0	0	0	0	0	0	0
spot_850	0.0604243935196947	0.229231498280504	0.0580895862443111	0	0	0	0	0.65225452195549	0	0	0
spot_851	0	0.0347914677907083	0.0300545348208387	0.78309892504578	0	0	0	0	0	0.152055072342673	0
spot_852	0.239882055704558	0.526269005748128	0.233848938547314	0	0	0	0	0	0	0	0
spot_853	0.570325275722958	0.151938142094098	0.265339581712441	0	0	0	0	0	0	0	0.0123970004705028
spot_854	0.00227015917152872	0	0	0	0	0	0	0.997729840828471	0	0	0
spot_855	0.112460089222141	0.140228747600876	0.134800368637337	0	0	0	0	0.507390967363929	0	0.105119827175717	0
spot_856	0	0.0892041417306684	0	0	0	0	0	0	0	0.832540551683967	0.0782553065853652
spot_857	0	0	0	0.033917986090299	0	0	0	0.966082013909701	0	0	0
spot_858	0.0218525976916014	0.800024257215558	0.178123145092841	0	0	0	0	0	0	0	0
spot_859	0	0	0	1	0	0	0	0	0	0	0
spot_860	0	0	0	0.994356191121352	0	0	0	0	0	0.00564380887864813	0
spot_861	0.0403398243240509	0.0762265342378362	0.00594350136862457	0	0	0	0	0	0	0.877490140069488	0
spot_862	0	0.0461652733962657	0.935703021204012	0.0181317053997218	0	0	0	0	0	0	0
spot_863	0	0.0342843605791303	0	0	0	0	0	0	0	0.96571563942087	0
spot_864	0.0324742773886381	0.113126763406837	0.0224652656496611	0	0	0	0.0114187977012127	0.810798589734829	0	0	0.00971630611882126
spot_865	0	0.00494451310889278	0.00329722733517963	0.163502124888487	0	0	0	0.828256134667441	0	0	0
spot_866	0.0233557919397956	0.00729940837087732	0.0275544596385967	0	0	0	0.0113100736982102	0.918179653889533	0	0	0.0123006124629874
spot_867	0.506286709869406	0.427242795380036	0.0664704947505584	0	0	0	0	0	0	0	0
spot_868	0	0.0517509685785794	0.029329172300479	0	0	0	0	0.918919859120942	0	0	0
spot_869	0.013894144207825	0.0539193919619066	0.0633088430551251	0	0	0	0	0.868877620775143	0	0	0
spot_870	0.17411747100124	0.693219373115552	0.132663155883209	0	0	0	0	0	0	0	0
spot_871	0.0832237587706829	0.12109453521995	0.00698951826954667	0	0	0	0	0.487284036370731	0	0.236833372552479	0.0645747788166098
spot_872	0.024071461329563	0.0522377610810176	0.154663652911074	0.299021569473945	0	0	0	0	0	0.4700055552044	0
spot_873	0.0240240569360134	0.835359501412625	0.140616441651362	0	0	0	0	0	0	0	0
spot_874	0.0295960398037211	0.197984616780731	0.153437566285527	0	0	0	0	0.306615503599589	0	0.236417866404385	0.0759484071260476
spot_875	0.746865550884069	0.0739177053441424	0.168702382294848	0	0	0	0	0	0	0	0.0105143614769408
spot_876	0	0	0	0.175458768534074	0	0	0	0.824541231465926	0	0	0
spot_877	0	0.0346645921616801	0.0221873017944396	0	0	0	0	0.858335571226224	0	0	0.0848125348176566
spot_878	0	0.0333620483514493	0.0110493467242848	0.928486991495355	0	0	0	0	0	0.0271016134289111	0
spot_879	0	0.0237836751044247	0.0476631242813954	0.330111785961344	0	0	0	0.598441414652837	0	0	0
spot_880	0.69485027165956	0.283584513291671	0.0215652150487693	0	0	0	0	0	0	0	0
spot_881	0.0645489999341187	0.309954204939939	0.625496795125942	0	0	0	0	0	0	0	0
spot_882	0	0	0	0.189752025504239	0	0	0	0.810247974495761	0	0	0
spot_883	0	0	0	0.997524048779724	0	0	0	0.00247595122027589	0	0	0
spot_884	0.239378262611144	0.409532367901873	0.351089369486984	0	0	0	0	0	0	0	0
spot_885	0.014619883518451	0.0176672709398951	0	0	0	0	0	0.078440019434968	0	0.802907837246423	0.0863649888602625
spot_886	0.0091929403317517	0.00751115844190803	0.0358299377994564	0.256721982950425	0	0	0	0.672453106020137	0	0.0182908744563223	0
spot_887	0.811736502887502	0.171849245045875	0.0164142520666233	0	0	0	0	0	0	0	0
spot_888	0	0.0350977833115188	0.0229565681576369	0.462945903659857	0	0	0	0.478999744870987	0	0	0
spot_889	0.118175561728238	0.646004719067445	0.235819719204317	0	0	0	0	0	0	0	0
spot_890	0.666529749744162	0.10319155732616	0.217862076662277	0	0	0	0	0	0	0	0.0124166162674006
spot_891	0	0.123880144036565	0.00446416357580892	0	0	0	0	0	0	0.871655692387627	0
spot_892	0	0	0	0.993801826591934	0	0	0	0	0	0.00619817340806572	0
spot_893	0	0.134705768902563	0.00490849765538571	0	0	0	0	0	0	0.860385733442052	0
spot_894	0	0.0227735926925711	0.00718951306427228	0.234991868849841	0	0	0.00703653050610649	0.728008494887209	0	0	0
spot_895	0.0680412262172816	0.266947929404927	0.0365327197848727	0	0	0	0	0.628478124592919	0	0	0
spot_896	0.263268805151098	0.227979929451116	0.0317312512180857	0	0	0	0.00432023869576017	0.458222559404511	0	0	0.0144772160794293
spot_897	0.536755605830498	0.140319231975665	0.305740885973284	0	0	0	0	0	0	0	0.0171842762205536
spot_898	0	0.020968568121642	0.00231629814962545	0.938497019581754	0	0	0	0	0	0.0382181141469791	0
spot_899	0.0457638043360596	0.0563038412880016	0.0738345121596049	0	0	0	0	0.188308946456564	0	0.571987976548905	0.0638009192108645
spot_900	0	0	0	0	0	0	0	1	0	0	0
spot_901	0	0.00191260965949951	0.00286548970475658	0.0324816340348375	0	0	0	0.962740266600907	0	0	0
spot_902	0	0.0209250950225062	0.0408459658920793	0.938228939085414	0	0	0	0	0	0	0
spot_903	0.929257459839647	0	0.0707425401603524	0	0	0	0	0	0	0	0
spot_904	0.87452796654789	0.0461200555117384	0.0793519779403721	0	0	0	0	0	0	0	0
spot_905	0.0181576817171369	0.695249801416539	0.286592516866324	0	0	0	0	0	0	0	0
spot_906	0	0.00141874757291972	0.00212562160336973	0	0	0	0	0.99645563082371	0	0	0
spot_907	0.257256273665894	0.424035165620014	0.318708560714092	0	0	0	0	0	0	0	0
spot_908	0.0155712758759341	0.0255921333651161	0	0	0	0	0	0.958836590758949	0	0	0
spot_909	0.00479681526859906	0.123775225283306	0.00744930154077272	0	0	0	0	0	0	0.863978657907322	0
spot_910	0.43563079059146	0.0735538256601132	0.221979211950729	0	0	0	0.268836171797698	0	0	0	0
spot_911	0	0	0	0.953601803507303	0	0	0	0.0388382465791069	0	0.00755994991358968	0
spot_912	0	0	0	0.233798347414719	0	0	0	0.766201652585282	0	0	0
spot_913	0.251616829282663	0.524232638955108	0.224150531762229	0	0	0	0	0	0	0	0
spot_914	0.055004819019649	0.0816678903252971	0.0068728218488691	0.143148774256034	0	0	0	0	0	0.713305694550151	0
spot_915	0	0.0575031398529276	0.0545301382573165	0.0159037091746087	0	0	0	0.872063012715147	0	0	0
spot_916	0	0.00555753575233468	0.0435689831999018	0.930927511778618	0	0	0	0.0083255898970575	0	0.0116203793720879	0
spot_917	0	0.00653405243098281	0	0	0	0	0	0.993465947569017	0	0	0
spot_918	0	0	0.0350923503552133	0	0	0	0	0.964907649644786	0	0	0
spot_919	0.0644901719520206	0.365574336768302	0.569935491279677	0	0	0	0	0	0	0	0
spot_920	0.748596617069462	0.227911667774381	0.0234917151561571	0	0	0	0	0	0	0	0
spot_921	0.859608150644424	0.0204572769113257	0.11993457244425	0	0	0	0	0	0	0	0
spot_922	0	0	0	0	0	0	0	1	0	0	0
spot_923	0.0374276569446988	0.06032942530321	0.0284185504258129	0	0	0	0.0100550091575712	0.851041201817408	0	0	0.0127281563512991
spot_924	0.00691117065059852	0.231454556573058	0.106889373005729	0	0	0	0	0.654744899770614	0	0	0
spot_925	0.00773570778382126	0.0157920188325165	0.00335163874906823	0	0	0	0.00773570778382126	0.965384926850773	0	0	0
spot_926	0	0	0	0.288142152032833	0	0	0	0.711857847967167	0	0	0
spot_927	0	0.102109071043606	0	0.0230646601285193	0	0	0	0	0	0.874826268827875	0
spot_928	0.34379323227035	0.60863432351553	0.0475724442141201	0	0	0	0	0	0	0	0
spot_929	0.00506776982613983	0.0471809418759962	0.0846345670768992	0	0	0	0	0.475678482436025	0	0.297591302327644	0.0898469364572953
spot_930	0.641931385214658	0.0791495535909929	0.261586370207235	0	0	0	0	0	0	0	0.0173326909871145
spot_931	0.178927542038217	0.0746627900489424	0.232427607618342	0	0	0	0	0.504276908338075	0	0	0.00970515195642365
spot_932	0.0198610369903706	0.0393222839258425	0.0160512901515987	0.066842915124399	0	0	0	0.842071652202997	0	0.0158508216047925	0
spot_933	0.0231544701995416	0.662915172458472	0.313930357341986	0	0	0	0	0	0	0	0
spot_934	0.0636704090549761	0.14209886110149	0.794230729843533	0	0	0	0	0	0	0	0
spot_935	0	0.110575459198414	0	0	0	0	0	0	0	0.889424540801587	0
spot_936	0	0.00147028854651267	0.00220245807772872	0	0	0	0	0.996327253375758	0	0	0
spot_937	0.763000467748622	0.0855181971108257	0.151481335140552	0	0	0	0	0	0	0	0
spot_938	0.125636658704403	0.138346991686552	0.016763928920673	0	0	0	0.0352466760845128	0.672964379562971	0	0	0.0110413650408883
spot_939	0	0	0	0.341463024211713	0	0	0	0.658536975788287	0	0	0
spot_940	0	0.255432536183467	0.0154739926843888	0	0	0	0	0	0	0.729093471132144	0
spot_941	0.129401311737418	0.752054456899467	0.118544231363116	0	0	0	0	0	0	0	0
spot_942	0	0	0	0.822091333095497	0	0	0	0.177908666904503	0	0	0
spot_943	0.150514948207662	0.333325221899931	0.516159829892406	0	0	0	0	0	0	0	0
spot_944	0.00617461541353353	0	0	0.357732210686148	0	0	0	0.623825796406826	0	0.012267377493493	0
spot_945	0.0180428609570929	0.00167658853428807	0.00251135465895996	0	0	0	0	0.977769195849659	0	0	0
spot_946	0	0	0	0.8864814078601	0	0	0	0.1135185921399	0	0	0
spot_947	0.64788726017973	0.327325372355452	0.0247873674648186	0	0	0	0	0	0	0	0
spot_948	0.0231581596832455	0	0	0.897362626596957	0	0	0	0.0794792137197977	0	0	0
spot_949	0.00535236475479033	0.0129226097065884	0.00867312802732883	0	0	0	0	0.939955424910615	0	0.033096472600678	0
spot_950	0.159771965836156	0.132502907913298	0.251216193085598	0	0	0	0	0	0	0.441580440813595	0.0149284923513539
spot_951	0.075825453175975	0.289092455449534	0.635082091374491	0	0	0	0	0	0	0	0
spot_952	0	0.023966272952525	0.00756546782685289	0.464960121285318	0	0	0	0.503508137935303	0	0	0
spot_953	0.0277832627203883	0.16398338271624	0.1659181513715	0	0	0	0.0108621175657006	0.589789188578692	0	0	0.041663897047478
spot_954	0	0	0	0	0	0	0	1	0	0	0
spot_955	0.0547538377982005	0.0447355872636277	0.0266168824224926	0	0	0	0	0.676550137473858	0	0.185714014892206	0.0116295401496154
spot_956	0	0.131618535595999	0.868381464404001	0	0	0	0	0	0	0	0
spot_957	0	0.00888903606571573	0.00187030992633413	0	0	0	0	0.975782795918091	0	0.0134578580898597	0
spot_958	0	0.0328254705282929	0	0	0	0	0	0	0	0.967174529471707	0
spot_959	0.0126028813987923	0.0481241684631833	0.0206719900218974	0	0	0	0	0.918600960116127	0	0	0
spot_960	0.124687066199157	0.0524298326643949	0	0	0	0	0	0.137530793336898	0	0.619415676143322	0.0659366316562288
spot_961	0.434481474100781	0.479977233847471	0.0855412920517483	0	0	0	0	0	0	0	0
spot_962	0	0.159643907079345	0.840356092920655	0	0	0	0	0	0	0	0
spot_963	0.0032042186089469	0	0	0	0	0	0	0.996795781391054	0	0	0
spot_964	0.136042908189503	0.76066851404767	0.103288577762828	0	0	0	0	0	0	0	0
spot_965	0.0054680339573807	0	0	0	0	0	0	0.983700551042273	0	0.0108314150003467	0
spot_966	0	0	0	1	0	0	0	0	0	0	0
spot_967	0.65207835354347	0.306892535674071	0.0410291107824594	0	0	0	0	0	0	0	0
spot_968	0	0.10692732347122	0.00339158100190248	0	0	0	0	0.0177017779843392	0	0.611980306672256	0.259999010870283
spot_969	0.921931048737533	0.00995457583045041	0.0681143754320163	0	0	0	0	0	0	0	0
spot_970	0.794311252609206	0.182909006578891	0.0227797408119029	0	0	0	0	0	0	0	0
spot_971	0	0.0839734727177353	0	0	0	0	0	0	0	0.916026527282266	0
spot_972	0	0.156659804881394	0.00550850519913397	0	0	0	0	0	0	0.837831689919472	0
spot_973	0.157674848309896	0.0491109268496664	0.0755433681304334	0.714214432999146	0	0	0	0	0	0.00345642371085791	0
spot_974	0.102191437944857	0.0597564784103407	0.316809664779169	0.518130372583402	0	0	0	0	0	0.00311204628223135	0
spot_975	0	0.0158482657899582	0.00500323318412567	0.608217338860715	0	0	0	0.3709311621652	0	0	0
spot_976	0.139328235901761	0.0444712008801745	0.0454895838529959	0	0	0	0	0.770710979365069	0	0	0
spot_977	0	0	0	1	0	0	0	0	0	0	0
spot_978	0.183053014654524	0.64542829516992	0.171518690175556	0	0	0	0	0	0	0	0
spot_979	0.0894340908535894	0.159591173470546	0.750974735675865	0	0	0	0	0	0	0	0
spot_980	0.302764467865526	0.490110914458737	0.0362285154524843	0	0	0	0	0.170896102223253	0	0	0
spot_981	0	0.0113900471107379	0.00323785333512904	0.110376991186532	0	0	0	0.874995108367602	0	0	0
spot_982	0.785444260529689	0.0351516416623244	0.019661300102022	0.0620297263093576	0	0	0	0	0	0.0977130713966066	0
spot_983	0.306688418354603	0.57419115781533	0.0945078101124332	0	0	0	0	0.0246126137176341	0	0	0
spot_984	0.574900300770821	0.298155154283043	0.126944544946136	0	0	0	0	0	0	0	0
spot_985	0	0.149417524882578	0.850582475117422	0	0	0	0	0	0	0	0
spot_986	0.121682609313749	0.558934570206347	0.147280150253729	0	0	0	0	0	0	0.172102670226175	0
spot_987	0.0637084125526036	0.00451507949543805	0.00258977755911025	0	0	0	0	0.509518930357512	0	0.351852835875175	0.0678149641601616
spot_988	0.0601868011651913	0.0700514224236206	0.20778012768377	0.232963290316313	0	0	0	0.0504419184014072	0	0.378576440009698	0
spot_989	0.146533832906375	0.0671981450001424	0.31390139499634	0.472366627097142	0	0	0	0	0	0	0
spot_990	0.892245860930702	0.036454529372355	0.0712996096969431	0	0	0	0	0	0	0	0
spot_991	0.281061510753919	0.194188725139795	0.524749764106286	0	0	0	0	0	0	0	0
spot_992	0.10256999743252	0.208935308639681	0.676492725671853	0	0	0	0	0.0120019682559459	0	0	0
spot_993	0.00993993251367009	0.0957637584008161	0.017550076681446	0	0	0	0	0.699141878355768	0	0	0.177604354048299
spot_994	0.415769270118784	0.229568166590478	0.337740889769938	0	0	0	0	0	0	0	0.0169216735208001
spot_995	0.83833747564468	0.0201603739877942	0.141502150367526	0	0	0	0	0	0	0	0
spot_996	0.910923969902183	0.00509089655515504	0.0839851335426615	0	0	0	0	0	0	0	0
spot_997	0.592038955133228	0.274673452563285	0.0306933019850673	0	0	0	0	0	0	0.10259429031842	0
spot_998	0.502191154561022	0.15158015467774	0.330802803749891	0	0	0	0	0	0	0	0.0154258870113468
spot_999	0	0.0347561282185593	0.164138695422253	0.801105176359188	0	0	0	0	0	0	0
spot_1000	0.0383672828344722	0.161607408342657	0	0.169689971239154	0	0	0	0	0	0.630335337583717	0
