B	CD4Tconv	CD8Tex	Endothelial	Fibroblasts	Malignant	Mast	Mono.Macro	Myofibroblasts	Plasma	Tprolif
spot_1	0	0.379657124264679	0.244358021643327	0	0.36268722749074	0	0	0	0.0132976266012542	0	0
spot_2	0.0418323301111752	0.034026356395431	0	0	0	0.67927842227016	0	0.244862891223234	0	0	0
spot_3	0	0.163187738292274	0.172320311211392	0	0	0.355545818850232	0	0.0616237208451547	0.247322410800948	0	0
spot_4	0	0	0	0	0	0.906450996116616	0	0	0	0	0.0935490038833836
spot_5	0	0.0112470161344296	0	0	0	0.912708971023336	0	0	0	0.0760440128422345	0
spot_6	0	0.0105982675039274	0	0.636909348952705	0.246859111510345	0.0551519238064945	0	0.0504813482265286	0	0	0
spot_7	0	0.0178936956726516	0	0	0	0.982106304327349	0	0	0	0	0
spot_8	0	0.336904576706041	0.0366396025950302	0.0714331824238985	0	0.244602874601185	0	0	0	0.310419763673845	0
spot_9	0	0.0461286392337976	0.0265296886276218	0	0.805262850064804	0.0224666716601891	0	0.0952590981978297	0.00435305221575799	0	0
spot_10	0	0.00689755395346364	0	0	0.892117078629081	0	0	0	0.100985367417455	0	0
spot_11	0	0.00278632402767361	0	0	0.434512835244264	0.314858272449519	0.19826397617141	0.0495785921071342	0	0	0
spot_12	0.210152049082202	0.121361416947568	0.00824951383009084	0	0.0429547549351098	0	0	0	0.00719703925434732	0.610085225950683	0
spot_13	0	0.0215187742025116	0.018062349372341	0.00760383890659435	0	0	0	0.952815037518553	0	0	0
spot_14	0.0042804186051604	0.0331466966985886	0.105143518975574	0	0	0	0	0.857429365720678	0	0	0
spot_15	0	0.0252252962153837	0.0295723125896914	0.945202391194925	0	0	0	0	0	0	0
spot_16	0	0.00741651362775404	0.0118581725712047	0	0	0.934061673936789	0	0.0124023860544422	0	0.0342612538098104	0
spot_17	0	0.0749290884081981	0	0	0.0345885935855451	0.725936677560904	0	0	0	0.164545640445353	0
spot_18	0	0.00929239350358554	0.0177444980089983	0	0.0780270512366031	0	0	0.894936057250813	0	0	0
spot_19	0	0	0	0	0	0.999999999999999	0	0	0	0	0
spot_20	0	0	0	0	0.912990450107015	0.0870095498929845	0	0	0	0	0
spot_21	0	0.00375652967350172	0.0232904857973976	0.45030509333671	0.00373843401935805	0.408825104267128	0	0	0.110084352905904	0	0
spot_22	0	0.0036631278566762	0.0180573040396223	0	0.707881944101231	0.231623766084744	0	0	0	0.0387738579177268	0
spot_23	0	0.0292668384290704	0.00535722112268091	0.93600061254965	0.00162235424218561	0.027752973656413	0	0	0	0	0
spot_24	0	0.193765870444396	0.0194804848058295	0	0.631401279103233	0.0388330643070833	0	0	0.0319487950314831	0	0.0845705063079761
spot_25	0.00555057988414981	0	0	0	0	0.994449420115851	0	0	0	0	0
spot_26	0.197342282225211	0.0130347635713034	0	0	0	0.771177149605431	0	0.0184458045980538	0	0	0
spot_27	0.0714223539672175	0.32180512720125	0.345571034814674	0	0	0.261201484016857	0	0	0	0	0
spot_28	0	0.0283330039157138	0	0	0.925893927164387	0.0457730689198995	0	0	0	0	0
spot_29	0	0.0444584042731167	0.0224014403361753	0	0.695410056935965	0	0.0649103149217051	0	0.172819783533038	0	0
spot_30	0.0137799536856452	0.029360594716819	0.0172317623979635	0	0	0	0	0.799408930133191	0	0.140218759066382	0
spot_31	0.00440100957322838	0.0966188419714812	0.146680230721148	0	0	0	0	0.752299917734143	0	0	0
spot_32	0	0.202480248710093	0.0601388425658665	0	0.73738090872404	0	0	0	0	0	0
spot_33	0	0	0	0.154099514766569	0.652761900238075	0	0	0	0.193138584995356	0	0
spot_34	0	0.015880257613219	0.0109034639630014	0.00575982335523759	0	0.0350435470790358	0	0.932412907989507	0	0	0
spot_35	0	0.012096190719039	0.0202958418487869	0	0.532866692417284	0	0.0149196673028751	0.40950698948227	0.0103146182297449	0	0
spot_36	0.0269077058618571	0.485308437005685	0.0155971503466763	0	0	0.0679910774346185	0	0	0	0.404195629351163	0
spot_37	0.0117003715777649	0.0342646461524071	0.0201234202940228	0.0229847351377277	0.081323326589708	0.351741295044803	0	0.269922688272138	0	0	0.207939516931428
spot_38	0.0235347724330137	0.0105352711398709	0.00831253996271573	0.493860023470696	0.321733187633237	0	0	0.0471878571264693	0.076998161536005	0.0178381866979917	0
spot_39	0	0	0	0	0	0.946889021277605	0.0531109787223952	0	0	0	0
spot_40	0	0.0857391266130089	0.0133706756993164	0	0.101904829124902	0.726242550397682	0	0.0727428181650908	0	0	0
spot_41	0	0	0.020158285486835	0.170554383393011	0.078290275879714	0.426214633148727	0	0	0.304782422091713	0	0
spot_42	0.0544340546390165	0	0.0305719778055331	0.234470848666393	0.191099303523616	0.417645822179074	0	0	0.0717779931863678	0	0
spot_43	0.0976634282763778	0.00483686876213209	0	0	0	0.0438016888234408	0	0	0	0.85369801413805	0
spot_44	0.0113997513504343	0.0948071886525157	0.395374092741182	0	0	0	0	0.498418967255868	0	0	0
spot_45	0	0.0111627230593364	0	0	0.892466101471035	0.0963711754696281	0	0	0	0	0
spot_46	0.272701525991089	0.38560343276833	0.0795185552309179	0	0	0	0	0	0	0.262176486009663	0
spot_47	0.0684998968898744	0.0103421955650773	0.0197481512878432	0	0.271122467779369	0	0	0.622731637386197	0.00755565109163928	0	0
spot_48	0	0.184056345643564	0.033503059050173	0.0905002898959708	0	0.239554510301239	0	0	0.452385795109054	0	0
spot_49	0	0.0165028552709188	0.00750895074562894	0.89489536066335	0.00110563069562373	0.078326984673285	0	0.00166021795119359	0	0	0
spot_50	0	0.016522447323313	0.00194005319256954	0	0	0.981537499484117	0	0	0	0	0
spot_51	0	0.0316082878356214	0	0	0	0.968391712164379	0	0	0	0	0
spot_52	0.0680646236084721	0.0429821169028799	0.00497069412070016	0.550261958492901	0.274499233177363	0.0316632273266129	0	0	0.0275581463710708	0	0
spot_53	0	0.00566473081099806	0	0	0.994335269189002	0	0	0	0	0	0
spot_54	0	0	0	0.0499348003312614	0	0.898339896506944	0	0	0.023453169261107	0	0.028272133900688
spot_55	0	0.0217568094620473	0	0	0	0.729228410277178	0	0.236037204054021	0	0.012977576206753	0
spot_56	0	0.0172726224670444	0.0323106818071598	0	0.185809757338919	0.0333966076686801	0	0.731210330718196	0	0	0
spot_57	0	0.00903015403569204	0	0	0.990969845964308	0	0	0	0	0	0
spot_58	0	0	0	0	0	1	0	0	0	0	0
spot_59	0	0	0	0.00429979707912222	0.497788651923992	0	0	0.487416255425363	0.0104952955715234	0	0
spot_60	0	0	0	0.00304925616526626	0.878398979505999	0.103481300550436	0	0	0.015070463778299	0	0
spot_61	0	0.0639745988913284	0.0183692843733292	0.917656116735342	0	0	0	0	0	0	0
spot_62	0	0.0948437930167646	0.0187359851984664	0.370845835773861	0	0	0	0	0	0.474897325161356	0.0406770608495521
spot_63	0.0150781211651223	0.0200866392796642	0.00335821294617536	0	0.498502749183991	0	0	0.462974277425047	0	0	0
spot_64	0.0593074329755782	0	0	0	0.201394145775225	0	0	0.728280011833361	0.0110184094158363	0	0
spot_65	0.0115830407458875	0.0573404877120272	0.0305769866489863	0.0145332247921349	0	0.885966260100964	0	0	0	0	0
spot_66	0	0.00796669787488576	0	0	0.475670721989339	0.516362580135775	0	0	0	0	0
spot_67	0	0.0398131672635213	0.107690992756287	0	0.613791990000025	0.238703849980167	0	0	0	0	0
spot_68	0	0	0	0	0	0.990553044972844	0	0	0.00944695502715586	0	0
spot_69	0	0.0378258959578152	0	0.00168350394117276	0	0.831400556612685	0	0.120311249013548	0	0.00877879447477866	0
spot_70	0	0.00994271884251301	0	0	0	0.949614314374355	0	0	0.0404429667831323	0	0
spot_71	0	0.329555766301641	0	0	0	0.0115742069373436	0	0	0	0.658870026761016	0
spot_72	0	0.00310712692985129	0.0149235497387322	0	0.385487077483795	0.458134699465177	0	0.0111183413015786	0.127229205080865	0	0
spot_73	0.0587711543598965	0.0255969882059377	0	0.0539473544091495	0	0.30919256052378	0	0.552491942501237	0	0	0
spot_74	0	0.198959190798483	0.0676025846737883	0	0	0.733438224527729	0	0	0	0	0
spot_75	0	0.0124044606683964	0.0057049493305063	0.937087871414562	0	0.000789769199724652	0	0.0167400616058937	0	0	0.0272728877809175
spot_76	0.196684755388218	0.365920518237502	0.316095489704684	0	0	0.121299236669596	0	0	0	0	0
spot_77	0	0.0407488670028795	0.0254842499521365	0	0.017844967602775	0.881810039076881	0	0.00462159522594097	0.00892653477562871	0.0205637463637581	0
spot_78	0	0.00528374013379093	0	0	0.020443910005997	0.974272349860212	0	0	0	0	0
spot_79	0.00870549574702363	0.00676165005767927	0.00193854258359014	0	0.862848454619978	0	0	0.119745856991729	0	0	0
spot_80	0	0.0361901205590511	0.00576767143135994	0.825368534702047	0.111270878307237	0.0214027950003061	0	0	0	0	0
spot_81	0	0.0286340840382039	0.0921980447961951	0	0.0200537840359305	0.0244352249886818	0.00195695794611876	0.763559031495771	0.057186054955537	0.0119768177435621	0
spot_82	0.0402400065497982	0.0356244194199139	0.0144709144550672	0.721496932500106	0	0	0	0	0	0	0.188167727075114
spot_83	0	0	0	0	0	0.990361680005803	0	0	0.00963831999419689	0	0
spot_84	0	0	0	0	0.559669257727845	0	0	0.440330742272155	0	0	0
spot_85	0.262171999303847	0.156505163498918	0.0271170743868112	0	0	0.128765395414329	0	0.0116231319137726	0	0.393170331344149	0.0206469041381725
spot_86	0	0.0955205045450948	0.419558564142747	0	0	0.251046073100344	0	0.211898997704095	0	0	0.0219758605077188
spot_87	0	0.0550288213684133	0.00225857461330641	0	0	0.933723936607835	0	0	0	0.008988667410445	0
spot_88	0.0277104455306214	0.105616903840011	0.0300320339291689	0	0	0.0176130529877412	0	0.12390059239409	0	0.695126971318367	0
spot_89	0	0.0112248628179767	0.0213433468043207	0	0.403247483710258	0.564184306667444	0	0	0	0	0
spot_90	0.0823628260597677	0.168762040859046	0.0630581604445073	0	0.0272833845524767	0.0182753973711067	0	0	0.344301327394408	0.295956863318687	0
spot_91	0	0	0	0	0.998447500855798	0	0	0	0.00155249914420174	0	0
spot_92	0	0.0125604746658693	0.00871399901031927	0.00411135060877263	0	0.772032811036769	0	0	0	0	0.202581364678269
spot_93	0	0.00955232541520497	0.0182384923451675	0	0.144915533037114	0.0322809066899911	0.0015252593169795	0.778207028715509	0.0152804544800341	0	0
spot_94	0	0.0257783416152839	0.0193879761785066	0	0	0.584920882561839	0.36991279964437	0	0	0	0
spot_95	0.0538813188233323	0.0501231393806897	0.217050235990212	0	0.0193683133718246	0.288851602476318	0	0.36495206858738	0	0.00577332137024372	0
spot_96	0	0.0521491378882844	0	0	0.807865960907419	0	0.139984901204297	0	0	0	0
spot_97	0	0.0815341165096341	0	0	0	0.918465883490366	0	0	0	0	0
spot_98	0	0.152050284528816	0.0168440702635297	0	0.831105645207655	0	0	0	0	0	0
spot_99	0	0.0748092886053757	0	0	0.91005291623749	0.0151377951571335	0	0	0	0	0
spot_100	0.103233677573457	0	0	0	0	0.170350701783998	0.486194341645269	0	0	0.240221278997275	0
spot_101	0	0.014633623636831	0.029461317550647	0	0	0.0868011823532828	0	0.191387501189328	0	0	0.677716375269911
spot_102	0	0.0366903405962871	0.001907893718525	0	0.943045347044798	0.01835641864039	0	0	0	0	0
spot_103	0.0190091826229043	0.00482434574209152	0.0130881843229434	0.809868661217387	0.00232432175209146	0.150885304342582	0	0	0	0	0
spot_104	0	0.0314031675834216	0	0	0.147583018521471	0.821013813895108	0	0	0	0	0
spot_105	0	0	0	0.0134583961159199	0	0	0	0.98654160388408	0	0	0
spot_106	0	0.0223346111539908	0	0	0.932359670875325	0.0453057179706851	0	0	0	0	0
spot_107	0.0998505556815466	0.0224257503848334	0.0041289248737844	0.52323138570034	0.00227817606363993	0.0760294923448454	0	0.27205571495101	0	0	0
spot_108	0.0549691510320947	0.10460543451448	0	0.107551605745614	0.732873808707811	0	0	0	0	0	0
spot_109	0	0.00157501232665451	0	0	0.113342052895154	0.885082934778192	0	0	0	0	0
spot_110	0.109842467542851	0.045372265638819	0	0	0.0389826569724196	0.489458045458457	0	0	0	0.316344564387454	0
spot_111	0	0.0263433290773235	0.0408029065622498	0	0.0347164922646439	0.774451133906564	0	0	0.0704023326871048	0	0.0532838055021137
spot_112	0	0.00987440234139693	0.00818336978378527	0	0	0.846615574288753	0	0.0125629527159068	0	0.011835000076354	0.110928700793804
spot_113	0.00928388142873681	0.0161432088534511	0.0160202214201938	0.38500336000423	0.469096319841925	0	0	0	0.0590374907457445	0.0454155177057184	0
spot_114	0	0.0172620031899389	0	0.00384062889550765	0	0.962847960050773	0	0	0	0.0160494078637801	0
spot_115	0.00621136259997823	0	0.00421352544925128	0	0.903641645601355	0	0	0.0243404977413585	0.00665278424802	0.054940184360037	0
spot_116	0.435814844872357	0.0268778914257282	0.0696280503955517	0	0	0.207187993509943	0	0.26049121979642	0	0	0
spot_117	0	0.0315253898474201	0	0	0	0.300380359977914	0	0.668094250174666	0	0	0
spot_118	0	0.0639588543228456	0.0179851072832896	0	0.227766457822698	0.452332358542825	0	0.237957222028341	0	0	0
spot_119	0	0	0	0	0.597023051346662	0.402976948653339	0	0	0	0	0
spot_120	0.0313796921032945	0.0152415688936457	0	0	0	0.760379802089001	0	0	0	0.192998936914058	0
spot_121	0.107093697483274	0.198227345371842	0.366765922685068	0	0	0.327913034459817	0	0	0	0	0
spot_122	0	0	0	0	0	1	0	0	0	0	0
spot_123	0.196095978204835	0.00285856680743926	0	0.246469078933787	0.00142834855565702	0.553148027498282	0	0	0	0	0
spot_124	0	0.0792648585619218	0.258529478722708	0	0.442411016531359	0.219794646184011	0	0	0	0	0
spot_125	0	0.0127769361039945	0	0.0020482446688774	0.512556906197174	0.164092077798032	0.164321766710208	0.00988492226837952	0.134319146253334	0	0
spot_126	0	0	0	0	0	0.0316552041918083	0	0.968344795808192	0	0	0
spot_127	0	0.0306786117111108	0.0423189190033069	0	0	0.55073954448691	0	0.376262924798672	0	0	0
spot_128	0.0262704914592333	0.0360586170925579	0.0045774211717626	0.714592145204296	0.21850132507215	0	0	0	0	0	0
spot_129	0	0.0040985605302833	0	0	0.985642110497645	0	0	0	0.0102593289720719	0	0
spot_130	0	0.0204885755938684	0.0244651922640564	0	0.0775670419306737	0.0599474806590846	0	0	0.817531709552317	0	0
spot_131	0.00253839277440854	0.00932879704325869	0.00315802534665466	0	0.0292434546415174	0.00799188417383388	0	0	0	0.8903029705534	0.0574364754669271
spot_132	0	0	0	0	1	0	0	0	0	0	0
spot_133	0	0.01785766922713	0	0	0.286628070809378	0.695514259963493	0	0	0	0	0
spot_134	0	0	0.0179747270325137	0	0.602778877649813	0	0.066946368910609	0	0.312300026407064	0	0
spot_135	0	0.0230654374404903	0.0105880374500792	0	0.23159679174151	0.734749733367921	0	0	0	0	0
spot_136	0	0	0	0.204419009415533	0	0.0510648778586907	0	0.744516112725777	0	0	0
spot_137	0	0.0292032922025133	0.0979443002985773	0.0928545306571458	0.0261032049464527	0.191148666352689	0	0.151801767653591	0.0944892331124378	0.316455004776593	0
spot_138	0	0.0475330633055826	0	0	0.877883066766621	0	0	0	0.0745838699277965	0	0
spot_139	0	0	0.00275799438815165	0	0.90930465155201	0.0879373540598376	0	0	0	0	0
spot_140	0	0.00816239065333969	0	0	0.766623783932784	0.0228644772009558	0	0.202349348212921	0	0	0
spot_141	0.053075706940051	0.0242421064493053	0.0866923050914227	0	0	0.835989881519221	0	0	0	0	0
spot_142	0.143782846601545	0.00683286047607978	0	0.5943829087528	0.00177083395848744	0.170701479164642	0	0.082529071046446	0	0	0
spot_143	0	0	0	0.0018279261018446	0.118103552358486	0.564069829712847	0	0.030734812955949	0.285263878870873	0	0
spot_144	0	0	0	0	0.926055208194197	0	0.00124413312584185	0.0727006586799614	0	0	0
spot_145	0.0335286386811717	0.0519049510310968	0	0.0217206795754688	0.892845730712263	0	0	0	0	0	0
spot_146	0	0	0	0	0.977317077118823	0	0	0	0.00365239440109927	0	0.0190305284800784
spot_147	0.023667148711546	0.0521852297280946	0.00643169312148399	0	0	0	0	0.711708599515616	0	0.206007328923259	0
spot_148	0.0355972449626812	0.0301462596437267	0.013261756838319	0.0116294242451457	0	0.0814502691701474	0.798511857523951	0	0	0	0.0294031876160282
spot_149	0	0	0.00305322915445924	0.914475024528056	0	0.0378098668573468	0	0	0.0446618794601386	0	0
spot_150	0	0	0	0	0	1	0	0	0	0	0
spot_151	0	0	0.0180758266783633	0.00241535519955939	0.741759122055841	0.10367817617209	0	0	0.134071519894147	0	0
spot_152	0	0.00761199826679483	0.0206239301711873	0.666850879086468	0.00267261916315042	0.3022405733124	0	0	0	0	0
spot_153	0	0	0	0	0.522979893085518	0.344223499743736	0	0.132796607170746	0	0	0
spot_154	0	0.0776186980747376	0.0118489398848008	0.00942435154638972	0	0.468160771040345	0	0.432947239453727	0	0	0
spot_155	0	0.0134447792067032	0	0.163375599503155	0.470128653872023	0.301644426695375	0	0.0514065407227446	0	0	0
spot_156	0	0.0997903606516094	0.00701727094587259	0	0	0.597539670605733	0	0.285163971431824	0	0	0.0104887263649609
spot_157	0	0.153235642265569	0	0	0.846764357734431	0	0	0	0	0	0
spot_158	0	0	0	0	0.156305613053649	0.0155963372354681	0	0.768757242319204	0.059340807391679	0	0
spot_159	0	0	0	0	0	1	0	0	0	0	0
spot_160	0.0316648242795684	0.219147947245549	0.0234864518704465	0	0	0	0	0.412870408129837	0	0.294259728172782	0.0185706403018169
spot_161	0	0.286851295479475	0.713148704520526	0	0	0	0	0	0	0	0
spot_162	0	0.26255050658465	0.0336814967509009	0	0.118482489733205	0.583410482706735	0.00187502422450933	0	0	0	0
spot_163	0	0.0168135932205996	0	0	0	0.9831864067794	0	0	0	0	0
spot_164	0.0267187756437379	0	0	0	0	0.973281224356262	0	0	0	0	0
spot_165	0.0219319941579225	0	0	0	0	0.444822364891922	0.533245640950155	0	0	0	0
spot_166	0.00599458862076864	0	0	0	0	0.668407941127351	0	0	0	0.32559747025188	0
spot_167	0	0.0151507143343939	0	0	0.956077119491681	0.0287721661739252	0	0	0	0	0
spot_168	0	0.00169529808404861	0	0	0.125262153870552	0	0	0	0.8730425480454	0	0
spot_169	0	0	0.00146447390625559	0	0.51957523658177	0.057209620613649	0	0.421750668898325	0	0	0
spot_170	0	0.00875972962070167	0	0	0.179275429466108	0.81196484091319	0	0	0	0	0
spot_171	0	0	0	0	1	0	0	0	0	0	0
spot_172	0	0.0818678127662526	0.0809001802904617	0	0	0.0705813529504594	0	0.766650653992827	0	0	0
spot_173	0.0554767904887994	0.0473155278119071	0	0	0	0.139736065772903	0	0.757471615926391	0	0	0
spot_174	0.0855536203560112	0.026972571228358	0.0160225350450554	0	0	0.022267694271856	0	0.287039111402158	0	0.562144467696562	0
spot_175	0.00819700936089716	0.017406132955336	0.0136275186087014	0.0201176823628896	0.0857937925840283	0	0	0.854857864128148	0	0	0
spot_176	0.0251821894246396	0.0108012743918841	0.0222141165091043	0.0935578606496465	0.0033977536156908	0.414518870767525	0	0.198677385841508	0.231650548800002	0	0
spot_177	0	0.0603938217052319	0	0	0.34992923087448	0.0509968258361296	0	0	0.118568966162053	0.420111155422106	0
spot_178	0	0.0565023091349814	0.0198242471349575	0	0	0.916963598875934	0	0.00389735115870529	0	0	0.00281249369542255
spot_179	0	0.0475456870400863	0	0	0.706086629139575	0.223303829278078	0	0	0	0.023063854542261	0
spot_180	0	0.0140475505576281	0	0.090998304170842	0	0.869333712656312	0	0.00522255957858889	0	0.0203978730366286	0
spot_181	0	0.199243328269742	0.14387300662531	0.0113117612389628	0	0	0	0	0	0	0.645571903865986
spot_182	0.0271102707997044	0	0	0	0.0530844891248844	0	0	0	0	0.735558516271718	0.184246723803694
spot_183	0	0.0583899309752292	0.133077044397965	0	0.441529854670296	0.276731443875457	0	0	0	0.0902717260810528	0
spot_184	0	0.0167909269503542	0	0.00164998252768408	0	0.0390593936548129	0	0.942499696867149	0	0	0
spot_185	0	0.0602267836292532	0.0779358370277446	0	0.600465145193809	0.161731882361314	0	0.0996403517878789	0	0	0
spot_186	0	0.0278952996572564	0	0	0.357836336323867	0.614268364018877	0	0	0	0	0
spot_187	0.0859470581052771	0.0899874289644969	0.00811770739187679	0.00986347771129833	0	0.409194368368018	0.0656253892618461	0.0610617497065106	0	0.270202820490676	0
spot_188	0	0	0	0	0	0	0	1	0	0	0
spot_189	0	0.0373062619092746	0	0	0.186423969544762	0	0	0	0	0.776269768545964	0
spot_190	0	0	0	0	0.587473777241961	0.36687315234152	0	0	0.0456530704165189	0	0
spot_191	0	0	0	0	0.825153537853217	0	0.00224106388422901	0.172605398262554	0	0	0
spot_192	0	0.0557992536724726	0.00220390181909164	0	0.895061822119708	0.0469350223887282	0	0	0	0	0
spot_193	0.15895694717325	0.106429349881966	0.00339417753163935	0.0916991024463814	0	0.0317493089493317	0.228300532148674	0	0	0.379470581868758	0
spot_194	0	0	0	0	0	1	0	0	0	0	0
spot_195	0	0.00480520804035616	0.00799546973704081	0	0.274487208568113	0.605125649636322	0	0	0.107586464018167	0	0
spot_196	0.0210456278424313	0	0	0	0	0	0	0.96246516665851	0.0164892054990587	0	0
spot_197	0	0	0	0	1	0	0	0	0	0	0
spot_198	0	0.024246041190251	0	0	0	0.276202896102315	0	0.699551062707435	0	0	0
spot_199	0	0.0461095535538571	0	0	0.0596194822444888	0	0	0	0.073130363102569	0.821140601099085	0
spot_200	0.00229345625427898	0.00849122164868569	0.0021775085535972	0	0	0.918624391237377	0	0	0.068413422306062	0	0
spot_201	0	0.0948783404106152	0.212474803467435	0	0	0.0148195304452294	0	0.674399072129055	0	0.00342825354766488	0
spot_202	0	0	0	0	0	0.991239873279611	0	0	0.0087601267203889	0	0
spot_203	0	0.0153105688926696	0.00437695956014784	0.970873907192793	0.00137269376563929	0.00806587058875008	0	0	0	0	0
spot_204	0.063696933127333	0.0249915138835531	0.0466121325301423	0	0.421020331997793	0	0	0.432967063835901	0.010712024625277	0	0
spot_205	0	0.264839302754271	0.0457861449829634	0	0.689374552262766	0	0	0	0	0	0
spot_206	0.00281465730388446	0.00695686643071109	0.012655520582964	0	0	0.201226022494653	0	0.776346933187787	0	0	0
spot_207	0	0	0	0	0.0207497959783967	0.979250204021603	0	0	0	0	0
spot_208	0	0.0645502546482719	0.0335811503834688	0.622370959376357	0.00355538339846829	0.251121959960144	0	0.00464105873180731	0	0.020179233501482	0
spot_209	0	0.211023357504672	0.367568783722855	0	0	0.015748909414392	0	0.197975646510797	0	0	0.207683302847285
spot_210	0	0.0611750550433498	0	0	0.0451825896120057	0	0	0	0.0482532179187485	0.845389137425896	0
spot_211	0	0	0	0	0.382644437641992	0	0	0.503083833642543	0.114271728715465	0	0
spot_212	0	0.0379956412922217	0.028137680251284	0	0.206742490213371	0	0	0	0	0.727124188243124	0
spot_213	0	0.00602246531257909	0.0109541818168198	0	0.262718051542673	0.00580074094037418	0	0.714504560387553	0	0	0
spot_214	0.0318370569846364	0.00234396702172112	0	0	0	0.965818975993642	0	0	0	0	0
spot_215	0.0377864572578054	0.255374171680186	0.00148071083163257	0	0.196888679363543	0	0	0	0	0.508469980866833	0
spot_216	0	0.498186417385014	0.498213828972386	0	0	0	0	0	0	0	0.00359975364260004
spot_217	0.00906707828128771	0.0521946633265225	0	0	0	0.0217088829987103	0	0	0	0.820955974502585	0.0960734008908948
spot_218	0	0	0	0	0.259270827606949	0.676580784576389	0	0.0641483878166618	0	0	0
spot_219	0.0931761493627769	0.0330498664724894	0.00933066342170294	0.0371678037424608	0.0495411796220387	0.0139765542925683	0	0.763757783085963	0	0	0
spot_220	0	0.0228745417944593	0.00619216753761342	0.898108822216084	0.0644409558922253	0.00838351255961747	0	0	0	0	0
spot_221	0.00259620672462101	0.0495978980916485	0.0884599901649738	0.599279913000872	0.25138682341288	0.0086791686050049	0	0	0	0	0
spot_222	0	0.0223691168000666	0.0881412869814346	0.000552337199823439	0	0	0	0.176228784084566	0.648107190127488	0	0.0646012848066205
spot_223	0	0.132668120892479	0.155693473371112	0	0	0.175359176532635	0	0.536279229203774	0	0	0
spot_224	0	0.00349604625755859	0	0	0.809912936517279	0.0605512517207592	0	0.119317225892798	0.00672253961160543	0	0
spot_225	0	0.0402255328153366	0	0	0.959774467184663	0	0	0	0	0	0
spot_226	0	0	0.00110454439691991	0	0.0770709037145823	0.88794231092738	0	0	0	0	0.0338822409611173
spot_227	0	0.104174755623233	0	0	0.895825244376767	0	0	0	0	0	0
spot_228	0	0	0	0.152951751823517	0.0434809663362575	0.803567281840226	0	0	0	0	0
spot_229	0	0.0134968147413155	0	0.0442999190177601	0.0950631603582635	0.784262529931834	0	0	0.00190298006319609	0	0.0609745958876312
spot_230	0	0.0187102422819819	0.014195418385733	0.896662825130408	0.039799821847704	0.0306316923541724	0	0	0	0	0
spot_231	0	0.0461909772360424	0.132477221074454	0	0.281253480392568	0.29574321383484	0.197032957775457	0	0	0.0473021496866391	0
spot_232	0	0	0	0	0	1	0	0	0	0	0
spot_233	0	0	0	0	0.0503486938346921	0	0	0.924455400736908	0.0251959054283999	0	0
spot_234	0	0.147960419152982	0.0241321747211742	0	0.827907406125843	0	0	0	0	0	0
spot_235	0	0.0540772281302386	0.0133654136413041	0.0665001952875454	0	0.182586466174686	0	0.683470696766225	0	0	0
spot_236	0	0.300469105835475	0.620684005769385	0	0	0.0262080112482254	0	0	0	0.052638877146914	0
spot_237	0.00571980432127702	0.0125187824358378	0.0634918357865238	0	0.0129349206064799	0.17898888070286	0	0	0.0783106206214388	0.555724140358825	0.0923110151667572
spot_238	0	0.0309948364503784	0	0	0.598881358209999	0.370123805339623	0	0	0	0	0
spot_239	0	0.0154605642665975	0	0	0.000432129413507334	0.970288087568361	0	0	0	0.013819218751534	0
spot_240	0	0.162032386949592	0	0	0.249726520009892	0	0	0	0.0768159506233689	0.511425142417147	0
spot_241	0	0.0347832656986186	0.0490079078111619	0	0.498735896969538	0.101758723168555	0	0	0	0.108317472220927	0.207396734131199
spot_242	0.0205817018282542	0	0	0.137652594124692	0.148920290922792	0	0	0.692845413124262	0	0	0
spot_243	0	0.0160193216429399	0.00861920333844022	0	0.00985801846800615	0.859135224896518	0	0.106368231654096	0	0	0
spot_244	0	0.0113725188108529	0	0	0	0.988627481189147	0	0	0	0	0
spot_245	0	0	0	0	0	0.999999999999999	0	0	0	0	0
spot_246	0	0.0314685979268443	0.0421728555341688	0.745841686798575	0.0342394858645284	0.0433423445169976	0	0	0.102935029358886	0	0
spot_247	0.0477343495448284	0.0548528185044018	0.0414698260059399	0	0	0.201860649503682	0	0.114954635714789	0.539127720726359	0	0
spot_248	0	0.0739292301571714	0.0513277510912102	0.0232028619144687	0.85154015683715	0	0	0	0	0	0
spot_249	0.101598907480854	0.0658448803903555	0.0135424138030165	0.362442555722864	0.00112052798447351	0.415276011118617	0	0.0401747034998189	0	0	0
spot_250	0.113020324310511	0	0.108222719392013	0	0	0	0	0.778756956297475	0	0	0
spot_251	0.125163037229936	0.183816395313588	0	0	0	0	0	0	0	0.691020567456476	0
spot_252	0.0224774702336433	0.0494594502355087	0	0	0	0	0	0	0	0.928063079530848	0
spot_253	0.0875276654412013	0.0325057735990816	0.00523058181184272	0.039963698677078	0	0.727678916582798	0	0.107093363887998	0	0	0
spot_254	0.00359666960818439	0.00325050701854035	0.017561107295262	0	0.192888003010534	0.773798907806993	0	0.00890480526048641	0	0	0
spot_255	0	0	0	0	0	0.806609270483562	0	0.0148232891018511	0.178567440414587	0	0
spot_256	0	0	0	0	0.310751021033361	0.112084282662345	0	0.577164696304294	0	0	0
spot_257	0	0.0822744706982874	0.027510724779911	0	0	0	0	0	0	0.792889477952856	0.0973253265689451
spot_258	0	0.0172347107359065	0	0.0740860183771347	0.823904127701765	0.0566924673238599	0	0.0280826758613335	0	0	0
spot_259	0	0	0	0	0	0.993744293494456	0	0	0	0.00625570650554382	0
spot_260	0	0	0	0	1	0	0	0	0	0	0
spot_261	0.0211542708276626	0.0633859207988794	0.0456590934613755	0	0	0.30177988693431	0	0.568020827977772	0	0	0
spot_262	0	0	0	0	1	0	0	0	0	0	0
spot_263	0	0	0	0.856357330355679	0	0.126704040208408	0	0	0	0	0.0169386294359128
spot_264	0.0274450896720815	0.333460572891541	0.449695368184969	0	0	0.153826696774761	0	0	0	0	0.035572272476647
spot_265	0.0512564480505231	0.0578469235558209	0	0.584810540084478	0.001616574768441	0.154176535529267	0	0	0	0.15029297801147	0
spot_266	0	0.00484385810436697	0.00332135188216521	0.916021805075093	0	0.0631233637983295	0	0	0	0	0.0126896211400447
spot_267	0	0.00630744550726932	0	0	0	0.993692554492731	0	0	0	0	0
spot_268	0	0.0107341790031763	0	0	0.989265820996824	0	0	0	0	0	0
spot_269	0	0.0474128165148662	0	0	0.145300626552814	0	0	0	0	0.698561633945257	0.108724922987063
spot_270	0.00224650352236543	0.126781639306883	0.00388276527267253	0	0	0.867089091898079	0	0	0	0	0
spot_271	0	0.043940259755132	0.215076636940628	0	0	0.0409582135637696	0	0.607065929333177	0.0781847240138519	0	0.0147742363934407
spot_272	0	0.163643111150462	0.171107030760645	0	0	0.637527784680411	0	0.0106512300188529	0	0	0.0170708433896284
spot_273	0.0319024993462821	0.0524648306504079	0.0203896641629673	0.03073423422467	0.549063414886154	0.075672288198628	0	0.172715502940591	0.0334153028829374	0.0336422627073626	0
spot_274	0.0447307763250188	0.00814021500480342	0.0129969564745805	0	0.0431464202133707	0	0	0.406609786107764	0.484375845874463	0	0
spot_275	0	0.177556634746733	0.146349969109446	0	0	0.230745689079586	0	0.445347707064235	0	0	0
spot_276	0	0.234261117314211	0.0313339061764589	0	0	0.0537280833185318	0	0.559145358923971	0	0.103499641476733	0.0180318927900937
spot_277	0	0.0205508307931227	0	0	0.614857871048727	0.36459129815815	0	0	0	0	0
spot_278	0	0	0	0	0.895555437653976	0	0	0	0.104444562346024	0	0
spot_279	0.139141894986451	0.294562594610331	0.0114658306407668	0.0469206966909833	0	0	0	0	0	0.507908983071469	0
spot_280	0	0.0664508045145171	0.0338464665455118	0	0.191319675825005	0.0913828768353449	0	0.617000176279622	0	0	0
spot_281	0	0	0	0	0.895061072568395	0.104938927431604	0	0	0	0	0
spot_282	0	0	0	0	0	0.994672329021023	0	0	0	0.00532767097897723	0
spot_283	0	0	0	0	0	1	0	0	0	0	0
spot_284	0.0743471868396836	0.0532979230041465	0.182403479478569	0	0.689951410677601	0	0	0	0	0	0
spot_285	0	0.00345495971834679	0	0	0.921330405675347	0.0752146346063057	0	0	0	0	0
spot_286	0	0	0.0660799907565283	0	0	0	0	0.933920009243471	0	0	0
spot_287	0	0.0269032521777159	0.00550166162517535	0	0.0131358509464291	0.938693262998982	0	0	0.00723492539932403	0.00853104685237415	0
spot_288	0	0.0142039324433291	0	0	0.25254526467575	0.73325080288092	0	0	0	0	0
spot_289	0	0	0	0	0.542438561449908	0.00890128574483023	0	0	0.437490275407403	0	0.0111698773978589
spot_290	0	0.163969394512513	0.00592631027618136	0	0.104008930867757	0	0	0	0.0608017889326978	0.665293575410851	0
spot_291	0	0	0	0	0	0.966363962993938	0	0	0.0336360370060618	0	0
spot_292	0	0	0	0	0	1	0	0	0	0	0
spot_293	0	0.0620203974827787	0.0356875184133219	0	0.0482768403156765	0.0525509574362445	0	0	0.0540295614013936	0.626482681263666	0.120952043686918
spot_294	0	0.0494329001789241	0.0133604742232836	0	0.145442353675402	0.330929273463027	0	0.460834998459363	0	0	0
spot_295	0	0.0173314912897055	0	0	0	0.964331936370318	0	0.018336572339977	0	0	0
spot_296	0	0	0	0	0	1	0	0	0	0	0
spot_297	0	0	0	0.102310185460142	0.196206316022664	0.334199100555467	0.178978520269653	0.0900997610533435	0	0	0.0982061166387306
spot_298	0	0.00499822193805107	0.0764133921160271	0	0.510226999035476	0.195209946985065	0	0.112177926430704	0.100973513494678	0	0
spot_299	0	0	0	0.00493186904582811	0.51270834179757	0	0	0.482359789156602	0	0	0
spot_300	0.103501025424337	0.20395883964561	0.471993147772299	0	0	0	0	0.201494188556743	0	0	0.0190527986010108
spot_301	0.0528386129928567	0.0104170602772671	0	0.641440828707236	0.00248595640940416	0.195966242414007	0	0.0968512991992293	0	0	0
spot_302	0	0.00339783667604265	0	0.803957549896894	0	0.187206060618028	0	0.00543855280903443	0	0	0
spot_303	0.00344839918632097	0.0128691590255584	0	0	0	0	0	0.813349342666834	0	0	0.170333099121287
spot_304	0	0.07113365165453	0.036117030218563	0.640927384107366	0	0.251821934019541	0	0	0	0	0
spot_305	0.0687998737966814	0.0301429664273619	0.0263411879184836	0	0.10287109543569	0	0	0.771844876421783	0	0	0
spot_306	0.0806378324487549	0.00267035696037503	0	0.351943673387777	0.00185457647179587	0.560917292953372	0	0.00197626777792568	0	0	0
spot_307	0.00323768512333109	0.247950819633212	0.0156472341169494	0	0	0.733164261126507	0	0	0	0	0
spot_308	0	0	0	0	0	0.991288650440583	0	0	0.0087113495594171	0	0
spot_309	0	0.0407287201045328	0	0	0.959271279895467	0	0	0	0	0	0
spot_310	0	0.00442462628785729	0	0	0.0827839175246241	0	0	0	0	0.912791456187519	0
spot_311	0	0	0.0380568041706159	0.460310593814459	0.282513446524441	0.219119155490485	0	0	0	0	0
spot_312	0	0	0	0.0161057192825553	0.00327384951271805	0.454241431087779	0	0.0156495762227898	0.510729423894158	0	0
spot_313	0.0893051673187764	0.284499595575475	0.265059786003547	0	0	0	0	0.353109195106746	0	0	0.00802625599545578
spot_314	0	0	0	0	0	1	0	0	0	0	0
spot_315	0	0.0624534405905402	0.052280002308261	0.0183811987799234	0	0.10882525358923	0	0	0.742488869690015	0.0155712350420309	0
spot_316	0	0.0608198980781533	0	0	0.05349664217471	0	0	0	0	0.788300432446718	0.0973830273004185
spot_317	0	0.0423981579254121	0	0	0.295807989039275	0.661793853035313	0	0	0	0	0
spot_318	0	0.0298017834783884	0.0482020847182061	0.356683397856224	0	0.229685703172662	0	0	0.335627030774519	0	0
spot_319	0	0.0188978117260073	0.00540944880510856	0.957812264337068	0	0	0	0	0	0	0.0178804751318161
spot_320	0	0	0	0	0.00221558622221839	0.997784413777782	0	0	0	0	0
spot_321	0	0.00315327977304494	0	0	0	0.92106695349445	0.0635263026211967	0	0	0	0.0122534641113083
spot_322	0	0	0.0402189523361638	0.371670951037527	0.0364718967986349	0.353028322736475	0	0	0.1986098770912	0	0
spot_323	0	0.00896088020920821	0	0	0.826558938149886	0	0	0	0	0.164480181640905	0
spot_324	0.0236336408869982	0.242721945146034	0.437769313359595	0	0	0.295875100607373	0	0	0	0	0
spot_325	0.046760192555151	0.0611148013197203	0.0331485461929061	0	0.0174642435983657	0	0	0.175419925280756	0	0.666092291053101	0
spot_326	0.0404732915442208	0.0133807766880002	0.0595728608201534	0	0	0.0874520234266983	0	0.799121047520927	0	0	0
spot_327	0	0.0144042966310969	0	0	0.615980482847656	0.369615220521246	0	0	0	0	0
spot_328	0	0	0	0	0	0.992044553505843	0	0	0.00795544649415715	0	0
spot_329	0	0.0279621921166615	0.0428603466628405	0	0	0.124684648845972	0	0	0.804492812374526	0	0
spot_330	0	0.0117127895197718	0	0.225520764141781	0.0461092448055611	0.611275695239806	0	0.10538150629308	0	0	0
spot_331	0.0514970865874154	0.0918403698124697	0.0153249749799127	0	0	0.788083785812184	0	0	0	0.0532537828080179	0
spot_332	0	0	0.023480945479376	0	0	0.945643350087997	0	0	0	0.0308757044326264	0
spot_333	0.0178671814191795	0.00628008889425598	0	0	0	0.906086285188928	0	0	0.0647132457232754	0.00505319877436194	0
spot_334	0.00187789518723803	0	0	0	0	0.967013656015318	0	0.0311084487974441	0	0	0
spot_335	0.142127500042253	0.0476045282782058	0.0148022852698881	0.0141688530475867	0	0.0591804802633152	0.645254685598509	0.0290466100798408	0	0.0226181870440198	0.0251968703763819
spot_336	0	0.00338901152612409	0	0	0.266818428437852	0.724734451750023	0	0.00505810828600105	0	0	0
spot_337	0	0	0	0.0921241245378862	0.784618282415914	0	0.014496476888659	0	0.10876111615754	0	0
spot_338	0.121742337035719	0.0558359325305384	0.00558165460394741	0.516266745203509	0.0567976236269358	0	0.0174758048322865	0	0	0.226299902167064	0
spot_339	0	0.00212935689543244	0.0506024691152724	0	0.947268173989295	0	0	0	0	0	0
spot_340	0	0.0194649719799976	0.0163256418232513	0	0.187051825628075	0.0944712174465297	0	0.682686343122146	0	0	0
spot_341	0	0.0276465558411516	0.140632872121307	0	0.0667977965628679	0	0.0029823921093665	0.443380147674532	0.318560235690775	0	0
spot_342	0	0	0.110685295364065	0	0.658928764393391	0.217288657717013	0	0	0	0	0.0130972825255305
spot_343	0	0.0428546875254645	0	0	0.830273854029361	0	0	0.126871458445174	0	0	0
spot_344	0	0.0210830018347751	0.0135289584362181	0.51889679139389	0	0	0	0.0134020990191227	0	0.227804047995758	0.205285101320237
spot_345	0	0.00953836931282384	0	0	0.0569392820226882	0.933522348664488	0	0	0	0	0
spot_346	0.00559450134234063	0.00372561031516668	0.00205405081528625	0	0.147206871505909	0.584816499789733	0	0.209662010339826	0.00329809682000116	0.0436423590717371	0
spot_347	0	0.420810574588686	0.574493364960073	0	0	0	0	0	0	0	0.00469606045124162
spot_348	0	0.0164681449878506	0.0195702963397741	0	0.0762529358113526	0.502576296633263	0	0	0.38513232622776	0	0
spot_349	0.0148405902861457	0.0222638139261277	0.00833024906091151	0.00310182570666783	0	0.114391609007734	0.785739267679388	0.00233053631832539	0.0490021080147003	0	0
spot_350	0	0.437480975751156	0.562519024248844	0	0	0	0	0	0	0	0
spot_351	0	0.000747609064626952	0.0102879227425452	0.111848133327291	0.00263845901783304	0.874477875847704	0	0	0	0	0
spot_352	0	0.079369911251746	0.012064596524428	0	0	0.714952502748683	0	0.193612989475143	0	0	0
spot_353	0	0.018851714056729	0	0	0	0.981148285943271	0	0	0	0	0
spot_354	0	0	0	0	0	1	0	0	0	0	0
spot_355	0	0.0864625048943918	0.115526193487145	0	0	0.798011301618463	0	0	0	0	0
spot_356	0	0.0294628550682941	0.124830549663141	0.453360249168711	0.0416611564701153	0	0	0.0521807567673591	0.298504432862379	0	0
spot_357	0	0.107970263965052	0.079286888564275	0	0	0.801536192111199	0	0	0	0	0.0112066553594742
spot_358	0	0	0	0.101104907206128	0.0215507309998047	0.517309113950006	0	0.275954963941543	0.0840802839025186	0	0
spot_359	0.0140988415288707	0.0487626995931475	0.0818047147215599	0	0	0	0	0.855333744156422	0	0	0
spot_360	0	0	0	0	0	0.978820356164691	0	0.00694046893242058	0	0.014239174902888	0
spot_361	0	0	0	0	0	0.966825510561606	0	0	0.0331744894383944	0	0
spot_362	0	0.00397949413049031	0.358750703874399	0.263873010864071	0.0773987845264475	0.0777712848949818	0.0013855306785402	0.21684119103107	0	0	0
spot_363	0	0.0191100729562983	0.110960175539553	0	0	0.660398660874575	0	0.209531090629573	0	0	0
spot_364	0	0	0	0	0	1	0	0	0	0	0
spot_365	0	0.0110182869108091	0	0	0.00325041590604248	0.985731297183148	0	0	0	0	0
spot_366	0.0635735173906937	0.0882281905042339	0	0.00502623847703605	0	0.0314626090262869	0	0	0.275913696953619	0.455475802624513	0.0803199450236173
spot_367	0.114732577816441	0.220939981837386	0.0637377232285587	0.0136698574115354	0	0	0.0175312300956652	0.397892889216179	0	0.171495740394234	0
spot_368	0	0	0	0	0	1	0	0	0	0	0
spot_369	0.23702825444167	0.0473446663345641	0	0	0	0.255735748826982	0	0	0	0.459891330396784	0
spot_370	0	0.0180929689789985	0	0	0	0.599176098624081	0	0.382730932396921	0	0	0
spot_371	0	0.027657504344251	0	0	0	0.738221156172037	0	0.234121339483712	0	0	0
spot_372	0.0136911992891104	0	0	0.00474690452587945	0.0300784448086491	0.951483451376361	0	0	0	0	0
spot_373	0	0	0	0	0.00917017119234237	0	0	0.990829828807658	0	0	0
spot_374	0.139265310677316	0.131997364514615	0.186364278674403	0	0	0.230120186847986	0.150247636554504	0.143803864307507	0	0	0.0182013584236692
spot_375	0	0.0173789599738768	0.0094339855655537	0	0.0418905181085368	0	0	0.0466401945473681	0.174142789453047	0.579138686428912	0.131374865922706
spot_376	0	0.0316399573864859	0.014233302499588	0.0270957489275523	0	0.508534889090976	0	0	0.418496102095398	0	0
spot_377	0	0.0344400218006191	0.0219763281590394	0	0	0.907556366248663	0	0.0111069975445035	0	0.0249202862471751	0
spot_378	0	0.00792935193733347	0	0.0288621996355686	0.881242304275701	0	0	0	0	0.0819661441513968	0
spot_379	0	0	0	0	0.0135554972660485	0.986444502733952	0	0	0	0	0
spot_380	0	0.0235182274611316	0.021941259563349	0	0	0.772109713174476	0	0	0	0	0.182430799801043
spot_381	0	0	0	0.0360199945866708	0.728963751515204	0	0	0.235016253898125	0	0	0
spot_382	0	0.126795973233433	0.592076390317662	0	0.262760753133951	0.0183668833149545	0	0	0	0	0
spot_383	0.00635287243318967	0.0300419125339979	0.0698386510764172	0.0511475923251319	0.842618971631264	0	0	0	0	0	0
spot_384	0	0	0	0.00809878439096591	0	0.10347624305024	0	0.888424972558794	0	0	0
spot_385	0	0.0750897906018103	0	0	0.447673496128729	0	0	0	0	0.47723671326946	0
spot_386	0	0	0.0242817247724065	0.436384376878233	0.272548242976941	0.0654742702397749	0	0	0.201311385132644	0	0
spot_387	0	0.0508754240789273	0.00549915027841937	0.00106908902156061	0	0.822016209613392	0	0.120540127007701	0	0	0
spot_388	0	0.0247439101982149	0	0	0	0	0	0.862360848782987	0	0	0.112895241018797
spot_389	0.0169530371254148	0.17047781806208	0	0	0	0	0	0.189579628200279	0	0.622989516612226	0
spot_390	0	0.0279446549059336	0	0	0.966074774416286	0	0	0.0059805706777809	0	0	0
spot_391	0	0.0128562134744909	0	0	0	0.0387689205533302	0	0.948374865972178	0	0	0
spot_392	0	0.00222780376626607	0.0079321709676829	0.0274714802454158	0.0152336657943686	0.761567916949834	0	0	0.00230903309766666	0	0.183257929178766
spot_393	0	0.11070565165694	0	0	0.596555664637219	0	0	0	0	0.292738683705842	0
spot_394	0	0.0135557040519	0	0	0.170490591233302	0.672773834726821	0	0.0306564935976062	0.112523376390371	0	0
spot_395	0	0.0457512668174196	0	0	0.877399859639034	0.0176800740381602	0	0.0591687995053866	0	0	0
spot_396	0	0.0105150624837703	0.020077037519978	0	0.106885077735928	0.616350201000031	0	0.246172621260292	0	0	0
spot_397	0	0.011118851921817	0.00777165088498164	0	0.00072624118637869	0.932768868461559	0	0	0.047614387545263	0	0
spot_398	0	0.02669736217065	0	0	0.44047929249458	0.0347796253739863	0	0	0.498043719960784	0	0
spot_399	0.0884344764683807	0.0781913136780153	0.0109890473308208	0	0	0.248393173346532	0	0.00962561829379445	0	0.564366370882456	0
spot_400	0	0.149176314114902	0.388523602299741	0	0	0.0377586866354317	0	0.406429903176899	0	0	0.0181114937730259
spot_401	0	0	0	0	0.960920659921749	0.0390793400782513	0	0	0	0	0
spot_402	0	0.0248409644258734	0.132644473808329	0	0.073559166940175	0.768955394825622	0	0	0	0	0
spot_403	0.00805709828627903	0.0027055145859694	0	0	0	0.944833595211368	0	0	0.0444037919163834	0	0
spot_404	0	0.0712200395050398	0.0225696922491751	0	0.657837400129134	0.230975257515635	0	0	0.0173976106010161	0	0
spot_405	0	0.0509430383152257	0.00980116398516995	0	0	0.0560072008941191	0	0.883248596805486	0	0	0
spot_406	0	0.0501028152345741	0	0	0.949897184765426	0	0	0	0	0	0
spot_407	0	0.0407931568925873	0.0051207662415621	0	0	0.0926928511391272	0	0.861393225726723	0	0	0
spot_408	0	0.00457529970251287	0	0.0212067565663761	0.0115258038706702	0.928257284234166	0	0.00286546189086893	0.0315693937354061	0	0
spot_409	0	0.0268197483625899	0.00756733027550478	0	0.0411273747119572	0.00692166910776156	0	0	0.917563877542187	0	0
spot_410	0.134430379285603	0.280634694718655	0.0257368958720373	0	0.419743456906328	0	0	0	0.0032097054862487	0.0420729497925593	0.0941719179385686
spot_411	0	0.0830272876181789	0.0986544895228042	0	0	0	0	0.818318222859017	0	0	0
spot_412	0.0268529251523763	0.0143474114683401	0	0.563876025715224	0.0948342570500162	0.259435408864632	0	0	0.0406539717494119	0	0
spot_413	0	0.0263237909033214	0.0135553033168599	0.292985654984281	0.475213706909421	0.0278481571158409	0.0304590893746795	0.0697435999096629	0.0638706974859338	0	0
spot_414	0	0.0453700956713141	0	0	0.67863871401103	0.275991190317656	0	0	0	0	0
spot_415	0	0.00369488284846737	0	0	0.111272578536613	0.88503253861492	0	0	0	0	0
spot_416	0	0.0143478876405995	0	0	0	0.881024356935445	0	0.0924479592145764	0	0.0121797962093796	0
spot_417	0	0	0.0626196909077767	0.264915990743811	0.0469078364819701	0	0	0.625556481866442	0	0	0
spot_418	0	0	0	0	0	0	0	1	0	0	0
spot_419	0	0.0472056010213061	0.0111925320716423	0	0.3145332254461	0	0	0	0.627068641460952	0	0
spot_420	0	0	0.0417377416291045	0.131097218761553	0.0185573334497607	0	0	0	0.753838336934889	0	0.054769369224692
spot_421	0	0.0039464273104108	0	0	0	0.996053572689589	0	0	0	0	0
spot_422	0	0.285081932896161	0.201609283486722	0	0.138522818819351	0	0	0	0.00618789465405852	0.0453386004695158	0.323259469674192
spot_423	0.0115664255979066	0.0429431421619859	0.00316266792232218	0	0	0.0102636830666183	0	0	0	0.932064081251168	0
spot_424	0.0157779927343072	0.0595542042628517	0.00351103091276473	0	0.799086394804582	0	0	0.122070377285495	0	0	0
spot_425	0	0.0456701969783711	0.0196934589033418	0.33834463680529	0	0.0985257202623812	0	0	0.166128172831256	0	0.33163781421936
spot_426	0	0.0977897721760497	0.292570864179966	0	0.044285379911271	0.52521798039136	0	0.0335046215924942	0	0	0.00663138174885929
spot_427	0	0.0490323538964602	0.00344078296798125	0	0.261751637843391	0	0	0	0	0.551276866812821	0.134498358479346
spot_428	0	0.107894689936283	0.0319937113874436	0	0.690651118460877	0.103397274157639	0	0	0	0.066063206057757	0
spot_429	0.683338011763563	0.0170877567857795	0.0119694080041759	0.176808636494558	0	0.110796186951924	0	0	0	0	0
spot_430	0	0.192637059572023	0.0131367294490626	0	0	0.402870518206272	0	0.109460861982557	0.281894830790086	0	0
spot_431	0	0	0	0	0	1	0	0	0	0	0
spot_432	0	0.0309242466849733	0.0353773799443275	0	0.095198713551216	0	0	0	0	0.73677181884582	0.101727840973663
spot_433	0	0.00416265839480741	0.105857608013125	0.060495961062607	0.211554552006678	0.429382159423875	0	0	0.188547061098908	0	0
spot_434	0	0	0	0	0	1	0	0	0	0	0
spot_435	0	0.0525167811905225	0.0980752481347442	0	0	0.323219918693978	0	0.526188051980756	0	0	0
spot_436	0	0.0049491469843721	0	0	0	0	0	0.877528865469126	0.117521987546503	0	0
spot_437	0	0.0282403217128344	0.00774751727620561	0.0137850731899915	0	0.0325816905895938	0	0.88536977505672	0	0	0.0322756221746545
spot_438	0	0.0675982081262276	0.106074096598918	0.0138989214133277	0	0	0	0.00964932778558587	0.247885435474254	0	0.554894010601687
spot_439	0	0	0	0.0950949837315328	0	0	0	0.904905016268467	0	0	0
spot_440	0.00387102529755135	0.00097739985357243	0	0.763542526125601	0.00120410522994044	0.22479086647324	0	0.00561407702009472	0	0	0
spot_441	0	0.0186775929368805	0.0379254993962953	0.293794420138386	0.146701024738136	0.263594672011741	0	0.0777334777889556	0.161573312989605	0	0
spot_442	0	0	0	0	1	0	0	0	0	0	0
spot_443	0	0.00392594776766576	0	0	0.1106186516233	0.305080131088731	0	0.49277425568498	0.0876010138353241	0	0
spot_444	0	0.203995946940608	0.104538252011996	0.0038676891415135	0	0.392272923237566	0	0.284502082017922	0	0	0.0108231066503946
spot_445	0	0.0552770749804139	0.174038775830409	0.446075032787961	0.0221942840031205	0.00875194029076516	0	0	0.293662892107331	0	0
spot_446	0.0292242941535079	0	0	0	0	0.0229820192431111	0	0	0	0.947793686603381	0
spot_447	0	0	0.0424309896961345	0	0	0.319561384538998	0	0	0	0.638007625764867	0
spot_448	0.221735308748357	0.265170889471915	0.364675842453174	0	0	0.148417959326554	0	0	0	0	0
spot_449	0.00563942285893051	0.00806193311914885	0.00576463659234762	0.0520261076820321	0.0315408838761708	0.894226994962914	0	0.00274002090845591	0	0	0
spot_450	0	0.0189309951211352	0.0265212702152992	0.00250969699492226	0.742922991301242	0.0276722880296948	0.00404867177487535	0.0101108340107665	0.167283252552065	0	0
spot_451	0	0	0	0	0.92495258873443	0	0	0	0.0750474112655703	0	0
spot_452	0	0.0651200118425091	0.00589594949673947	0	0	0.848390656823192	0	0.0805933818375597	0	0	0
spot_453	0	0	0	0	0	1	0	0	0	0	0
spot_454	0.0579464765954791	0	0	0	0	0.81392515825565	0	0	0	0.128128365148871	0
spot_455	0	0.0615424588161495	0.00639204817638769	0	0.0437476352993643	0.312840797317736	0	0	0	0.575477060390362	0
spot_456	0.00482554688517096	0	0	0	0.0117099720410461	0.983464481073783	0	0	0	0	0
spot_457	0	0.0123190285286721	0	0.50685176597521	0.419612625310466	0	0	0	0.0612165801856522	0	0
spot_458	0	0	0	0	0	0	0	0.857058572966256	0.0297393622781385	0	0.113202064755605
spot_459	0	0.0905534434436674	0.0150716133455032	0	0.886967231755464	0	0	0.00740771145536535	0	0	0
spot_460	0	0.278605950789287	0.164260983243962	0	0	0	0	0.537200368177019	0	0	0.0199326977897314
spot_461	0	0.052246435911512	0.00843846547111944	0	0	0.939315098617368	0	0	0	0	0
spot_462	0	0.00276227251726617	0.0257280060301559	0	0.940843209051173	0.0306665124014054	0	0	0	0	0
spot_463	0.0670132699032192	0.0913773909853879	0.0445623846197958	0	0	0.0691163478603312	0	0.668998729919827	0.0589318767114385	0	0
spot_464	0	0	0	0	0	1	0	0	0	0	0
spot_465	0	0	0	0.41447382977654	0.027545365062493	0.0676449831750959	0	0.490335821985871	0	0	0
spot_466	0	0.0748131952311026	0.0405379039499056	0	0.826163000218641	0.00961633472406317	0	0.0488695658762875	0	0	0
spot_467	0	0.103818630443659	0.0211674857550236	0	0.0672859355649689	0.637700537771046	0	0	0.0714418508740818	0.0985855595912208	0
spot_468	0.0241531593930638	0.133694998812487	0.158139108115564	0	0	0.307831387290275	0	0.376181346388611	0	0	0
spot_469	0.0629970743766037	0	0	0	0.496563498263859	0	0.00281518623556736	0.27425973789921	0.16336450322476	0	0
spot_470	0.0430881681470693	0.00308767380560884	0	0	0	0.953824158047322	0	0	0	0	0
spot_471	0	0.133606553163459	0	0	0.866393446836541	0	0	0	0	0	0
spot_472	0	0.0121279165479048	0	0	0.987872083452096	0	0	0	0	0	0
spot_473	0	0.0213408149324556	0	0	0	0.978659185067544	0	0	0	0	0
spot_474	0	0.0380218890555017	0.0320982950509183	0.0227732807763975	0.0135207860050253	0	0	0	0.893585749112157	0	0
spot_475	0.0189921176804268	0.0220425210387289	0.0435978498632408	0	0.225334469355138	0.613349829351426	0	0	0.0220956301702998	0	0.0545875825407397
spot_476	0	0.00832582973046106	0.00349454707237569	0.0248177522991865	0.0500305779174445	0.903310331494461	0	0.0100209614860713	0	0	0
spot_477	0.014572063271842	0.018479294090325	0.00119367628085445	0.0237029028112716	0.0104922305821684	0.0646006727983763	0	0.866959160165162	0	0	0
spot_478	0	0	0	0	0.975872315085473	0.0241276849145266	0	0	0	0	0
spot_479	0.0180970118882201	0.0168166675020333	0	0	0	0	0	0.880100926155281	0	0.0849853944544659	0
spot_480	0	0.0207079310421582	0	0.0498100653215937	0.763784221348133	0	0	0.165697782288115	0	0	0
spot_481	0.0512301357938293	0.221969575670831	0.03178312898446	0.0111235350042901	0	0.166545255492013	0.476792958340462	0	0	0	0.0405554107141147
spot_482	0	0.00163893486758158	0.00271899854072342	0	0	0.429775094132228	0	0.023046563251117	0	0	0.542820409208349
spot_483	0	0.044825069605969	0.0600546101420192	0	0	0.588820869880443	0	0	0.306299450371569	0	0
spot_484	0	0.00823255947352092	0	0	0.0322785236561077	0.00547493295409098	0	0	0	0.857093202958119	0.0969207809581611
spot_485	0	0.383619435333095	0.613106642667025	0	0	0	0	0	0	0	0.0032739219998804
spot_486	0	0.204723431947922	0.0757637379916783	0	0.577391603580006	0.0882609298265965	0	0	0	0.0538602966537975	0
spot_487	0	0.0722350281828555	0.133302121494241	0	0.187110055039515	0	0	0.607352795283388	0	0	0
spot_488	0	0.0609366915001434	0.11197637007016	0	0.259914404592819	0.257115792341055	0	0.267539155028117	0	0.0425175864677045	0
spot_489	0	0.00171207816558017	0.0524825458107202	0.0156450391228748	0.0137163901427405	0.855443531448382	0	0.0550907385209475	0.00590967678875561	0	0
spot_490	0	0.139099050842946	0.104244663176137	0	0	0.284971768509528	0	0.00553478359742337	0	0.336882883649827	0.129266850224139
spot_491	0	0.157501683995699	0	0	0.828708675211331	0.0137896407929693	0	0	0	0	0
spot_492	0.0117634376353545	0.0529025436361043	0	0	0.0488752911490218	0.641183696211788	0	0.0347971117842211	0	0.177520421575056	0.0329574980084549
spot_493	0.0236004698391486	0.00313332577240598	0.0222077696421049	0.579961458087259	0.00545517433034183	0.228417875648886	0	0	0.137223926679854	0	0
spot_494	0	0.0753887270865744	0.0129455474728796	0	0	0.425573160706469	0	0	0.20795850673555	0.118504203290023	0.159629854708504
spot_495	0.123092281773832	0.290981978786792	0.0100027478027656	0	0	0	0	0	0.0585318056381517	0.517391185998459	0
spot_496	0	0.0787445922807596	0.00841584980832934	0	0.288680564902882	0.552514671397634	0	0	0.0716443216103949	0	0
spot_497	0.0818593564729455	0.239585775580668	0	0	0	0	0	0	0	0.678554867946386	0
spot_498	0	0	0	0	0	1	0	0	0	0	0
spot_499	0	0	0	0.516847329453318	0	0.0556105611920769	0	0.427542109354606	0	0	0
spot_500	0	0	0	0	1	0	0	0	0	0	0
spot_501	0.0468864164828503	0.0113551997899095	0.00846312338020371	0	0	0.919541642646999	0	0	0.0137536177000375	0	0
spot_502	0.53638809299611	0.0203610605964811	0.0314597526874888	0.0324788676526722	0.124695402871174	0	0	0.10848331698941	0	0.0667107764390695	0.079422729767594
spot_503	0	0.00674361219724608	0.0112149702531932	0.102641242593191	0.0168354307120945	0.738023053726394	0	0	0.124541690517881	0	0
spot_504	0	0.0452361442433596	0.0572546164641545	0	0.171263558087982	0.0162703161872118	0	0	0.00427993784097116	0.157608852353509	0.548086574822813
spot_505	0	0	0	0.00826697795449308	0	0.763238406224147	0	0	0.221729721590255	0	0.00676489423110528
spot_506	0	0	0	0	0	1	0	0	0	0	0
spot_507	0	0.0103547807737479	0	0	0	0.989645219226253	0	0	0	0	0
spot_508	0	0.0821644570167219	0	0	0.178630255722103	0	0	0	0	0.291652933932714	0.447552353328461
spot_509	0	0.041871143790415	0.0336873063663148	0.633569258938275	0.257830035693355	0.0330422552116404	0	0	0	0	0
spot_510	0	0.0486620028304678	0	0.00483318068489205	0.0516068788285239	0.886977265400355	0	0.00792067225576134	0	0	0
spot_511	0	0.0547113043454115	0	0	0.945288695654589	0	0	0	0	0	0
spot_512	0	0	0	0	0	1	0	0	0	0	0
spot_513	0	0.448857136476963	0.409166825157268	0	0.0987699582177762	0	0	0	0	0.0432060801479937	0
spot_514	0.0705641080157399	0	0	0.0582932363700599	0.644500671924411	0	0.00202745227652919	0.217799155855313	0.00681537555794669	0	0
spot_515	0	0.0762035105388855	0	0	0	0.844872470704233	0.0789240187568816	0	0	0	0
spot_516	0	0.0523356913028266	0.0247310397078803	0.00847443680914162	0.0785107890647809	0.24972030724032	0	0.0828522719005329	0.503375463974518	0	0
spot_517	0	0	0	0	0	1	0	0	0	0	0
spot_518	0	0.0171221251906673	0.00489857692832696	0.970752759877039	0.00121060554666014	0.00601593245730685	0	0	0	0	0
spot_519	0	0.00824415653349545	0	0	0.00046403495008095	0.982864002843052	0	0	0	0.00842780567337222	0
spot_520	0	0.101043010455769	0.0775885694190211	0.0304944534517007	0	0.73381475970805	0	0.0570592069654595	0	0	0
spot_521	0	0.0495777325473853	0.081489885750489	0	0.336860914704404	0.519227285158604	0	0.0128441818391179	0	0	0
spot_522	0	0.0174047240717849	0	0	0.948736415194972	0	0.0338588607332428	0	0	0	0
spot_523	0	0	0	0	0.120990348546028	0	0	0.879009651453972	0	0	0
spot_524	0.112232017100532	0	0.116373950544268	0	0.689508726500124	0	0.00222855398131154	0.0636941971328813	0.0159625547408824	0	0
spot_525	0	0.0458876840825715	0	0	0.389177973497592	0	0	0	0	0.564934342419836	0
spot_526	0.00222820938622622	0.00557894525230599	0.00319948582254095	0	0	0.730192036196036	0	0.233292166181325	0	0	0.0255091571615657
spot_527	0	0	0	0	0.0206941946914355	0.842077156930471	0	0.0332495708271223	0	0	0.103979077550971
spot_528	0	0	0	0	0.754120224178473	0	0	0.245879775821528	0	0	0
spot_529	0	0	0	0	0	1	0	0	0	0	0
spot_530	0	0.253631555416297	0.397961890547318	0	0.087515649280689	0.0791966496165047	0	0	0.00456409505938306	0	0.177130160079809
spot_531	0	0.0317096313592756	0	0	0.632322129579221	0	0.00377580201214126	0.230583229758426	0.101609207290937	0	0
spot_532	0.181000811470827	0.00896292505089193	0.0206959585039172	0.0056593901337402	0.0996129440835003	0	0	0	0.684067970757124	0	0
spot_533	0.10956176538091	0	0	0	0	0.514542680796271	0	0	0	0.375895553822819	0
spot_534	0	0.0360587235360409	0.0224649803611561	0	0.210137004763104	0.586337155779899	0	0.145002135559801	0	0	0
spot_535	0	0	0	0	0.163010837030253	0	0	0	0.836989162969747	0	0
spot_536	0	0.0824496420262582	0.0306873350625698	0.0295595759991669	0	0.85465715459356	0	0.00264629231844543	0	0	0
spot_537	0	0.00622861477832414	0	0	0	0.0405483634304632	0	0	0	0.762504184096698	0.190718837694515
spot_538	0.0944736256081204	0.118434943573996	0.329850385395233	0	0	0	0	0.150100476672043	0	0	0.307140568750607
spot_539	0.109240542186578	0.116131782162999	0	0	0	0	0	0.0834252351651527	0	0.69120244048527	0
spot_540	0.261209907025007	0.0725331324898698	0	0	0	0.313945514830358	0	0	0	0.352311445654764	0
spot_541	0	0.0402028559302907	0	0	0	0.496328041066251	0	0.463469103003459	0	0	0
spot_542	0	0.212194936445788	0.0276029297896035	0.0459074029439571	0	0.610757799997266	0	0.0869173348841537	0	0	0.016619595939231
spot_543	0	0	0	0	0.982259187399923	0	0	0	0.0177408126000769	0	0
spot_544	0	0.0263595401033956	0.00504784803937143	0	0.30747396294052	0.0678004070858735	0.00159638951322666	0.590295562103846	0.00142629021376707	0	0
spot_545	0.1729653402461	0.0130081872920412	0.0182599671888779	0	0	0.795766505272981	0	0	0	0	0
spot_546	0	0.0239564674438489	0.0231703522523199	0.484212438738182	0.307490129550421	0.0880675020297727	0	0	0.0731031099854556	0	0
spot_547	0	0.06072848803008	0.133054186237875	0	0.569707776352568	0.11639959108365	0.00597368787053126	0	0.114136270425296	0	0
spot_548	0	0.00338157664815674	0.0056206303000705	0.00343027200507468	0.00648316264465652	0	0	0	0.981084358402041	0	0
spot_549	0	0.0778080120604088	0	0	0.922191987939591	0	0	0	0	0	0
spot_550	0	0.417154574964129	0.582845425035871	0	0	0	0	0	0	0	0
spot_551	0.0176800053136333	0.0110964467958616	0	0.0187605765883784	0	0.230117697148636	0	0.722345274153491	0	0	0
spot_552	0	0.00030178464091579	0	0.00169608252028079	0	0.245833848040784	0	0.74663203255209	0	0.00553625224592981	0
spot_553	0	0.0492278985454602	0.0188378599374645	0	0.448353838739754	0.28979964333042	0	0.193780759446902	0	0	0
spot_554	0.353505184602202	0.10102611599162	0.02284803293403	0	0	0.108167224326511	0	0	0	0.414453442145638	0
spot_555	0.0139854908689106	0.0354076741808335	0.0107889917764451	0.0067958238835506	0.0112987687747504	0.833714866142362	0.00872853724628147	0.0176184049277861	0.00565063522321861	0.0560108069758616	0
spot_556	0.0238164070916748	0.00904797112440937	0.0373422742284877	0	0.0538348595800459	0	0	0.550335425736303	0.32562306223908	0	0
spot_557	0.00575176687810164	0.0432759558930786	0.268702776522114	0	0	0	0	0.682269500706706	0	0	0
spot_558	0.193863030822174	0.074597698583584	0.204849785931602	0	0	0	0	0.526689484662641	0	0	0
spot_559	0	0	0	0	1	0	0	0	0	0	0
spot_560	0	0	0	0	0.0653003670727317	0.838822683611438	0	0.0119876773123384	0	0	0.0838892720034918
spot_561	0.035713079681235	0.0218564734438798	0.00369669070769908	0.931031331879626	0.00770242428755992	0	0	0	0	0	0
spot_562	0.0267889570551234	0.14249668099835	0.0806477090106747	0	0	0.0539054202959376	0.370805057124176	0.0517236588064158	0	0	0.273632516709323
spot_563	0	0.535996370691422	0.464003629308578	0	0	0	0	0	0	0	0
spot_564	0	0.211514677238634	0.0271851710988048	0	0.724200972864208	0	0	0	0	0.0370991787983529	0
spot_565	0.102627465741704	0.00194611541749578	0	0.833180796701962	0.00142525334743053	0.0504613300774843	0.0103590387139238	0	0	0	0
spot_566	0	0	0	0	0.00927742334704627	0.990722576652953	0	0	0	0	0
spot_567	0	0.006185576464192	0.0721016272523578	0.199821864124283	0.106819756650956	0	0.000981208474214156	0.614089967033997	0	0	0
spot_568	0	0.295594350106479	0.338635926531908	0	0	0.361183282913098	0	0	0	0	0.00458644044851569
spot_569	0.0340286888841677	0.309771873174233	0.315872953794816	0	0	0	0.280763601624856	0	0	0	0.0595628825219272
spot_570	0	0.0190028919786019	0.00254997552321727	0.0171915318979305	0	0.96125560060025	0	0	0	0	0
spot_571	0	0	0	0	0.505371860334497	0	0	0	0.484453532369961	0	0.0101746072955413
spot_572	0	0.00959444450243661	0	0.843415200704386	0.122365584218915	0.024624770574263	0	0	0	0	0
spot_573	0.00738459945077343	0.339001974939095	0.0242623568150944	0	0.0431805894658094	0	0	0	0.0551946666958355	0.530975812633392	0
spot_574	0.554521036649608	0	0.0136365142924545	0.0622647241378975	0	0.322710259433229	0	0.0468674654868118	0	0	0
spot_575	0.0938302691462399	0	0	0	0	0.172719709423604	0	0	0	0.733450021430156	0
spot_576	0.0346286150040096	0.223179326609533	0.125833195793989	0	0	0.53793195854818	0	0	0	0.0784269040442893	0
spot_577	0.0994177594253128	0.0061144807151752	0.0110015201123714	0.567348479737857	0.00267092944475006	0.313446830564534	0	0	0	0	0
spot_578	0.0367956365319888	0.00587298715145834	0	0	0	0.860014500193967	0.0902632528961326	0	0	0.0070536232264535	0
spot_579	0	0.0112028132119168	0	0	0.884222809645638	0.0875284056262438	0	0	0.017045971516202	0	0
spot_580	0.325604228775205	0.279231989914114	0.233314872340056	0	0	0.161848908970626	0	0	0	0	0
spot_581	0	0.0420791617330707	0.0105933926376718	0	0.151348938459274	0.0141894579209152	0.341762806249465	0	0.440026242999603	0	0
spot_582	0	0.0119932864103431	0	0	0.113574700160863	0.874432013428794	0	0	0	0	0
spot_583	0	0.0033060430732048	0.0224150531501673	0	0.927757530733597	0.0465213730430311	0	0	0	0	0
spot_584	0.00476608743627456	0.00634830065314906	0.00106191304441879	0	0	0	0	0.987823698866157	0	0	0
spot_585	0.131957675630014	0.129016227781073	0.345737533752606	0	0	0.0501484279819924	0	0.283783736623729	0	0	0.0593563982305853
spot_586	0.0871188882406195	0.0517812866840988	0	0	0	0.78635235541278	0	0	0	0.0747474696625011	0
spot_587	0	0.00565274469556625	0.00565198806995669	0	0	0.0156845236109929	0.0240537232347121	0.364438030903696	0.00260219662288263	0.00827597400603375	0.573640818856159
spot_588	0.00875554670342067	0.0123722211009747	0	0	0	0.0113895632874687	0	0	0	0.967482668908136	0
spot_589	0.122198044195693	0.0826122264243722	0.350634250192037	0	0	0.233623223994593	0	0.210932255193305	0	0	0
spot_590	0.675213256813532	0.0182917992901037	0.0171387266493175	0.00347601264923334	0	0.10350096516477	0	0.182379239433043	0	0	0
spot_591	0	0.180127269849451	0.050694795784331	0	0	0.16047225147516	0	0.455209758849928	0	0.146787624705896	0.00670829933523446
spot_592	0	0.169914800494636	0.144405930384027	0	0	0	0	0.575763168156822	0	0.109916100964515	0
spot_593	0	0	0	0	0	1	0	0	0	0	0
spot_594	0	0.0122469319667922	0.00854192342833034	0	0	0.744556434166341	0	0.0269661637998849	0.207688546638651	0	0
spot_595	0	0	0	0	0.0146834491880335	0.985316550811966	0	0	0	0	0
spot_596	0	0.033625298454412	0	0	0.966374701545588	0	0	0	0	0	0
spot_597	0	0	0	0	1	0	0	0	0	0	0
spot_598	0	0.0620954268328868	0	0	0.937904573167113	0	0	0	0	0	0
spot_599	0.102439845860729	0.284102236642428	0.613457917496843	0	0	0	0	0	0	0	0
spot_600	0	0.011576611501362	0	0	0.0573502173146905	0	0	0	0.0167834397126866	0.914289731471261	0
spot_601	0.00969323070332369	0	0.0101960666476828	0.00168464366457166	0	0	0	0.978426058984422	0	0	0
spot_602	0	0.27815028575663	0.703740905886242	0	0	0	0	0	0	0	0.0181088083571274
spot_603	0.00884215209933642	0.00330549361329186	0.00549364389323456	0.0149047716114727	0	0.547606257686986	0	0	0.419847681095678	0	0
spot_604	0	0.0181897287611538	0.00481527194823967	0	0	0.960296234344642	0	0	0.0166987649459642	0	0
spot_605	0.0450366213200186	0.00526952072776139	0.00452426066263942	0	0.776744659510301	0	0	0.0871430908179398	0.0505351843700665	0.0307466625912736	0
spot_606	0	0.0767891017027716	0.61356979608436	0	0	0.301335516656798	0	0.00830558555607098	0	0	0
spot_607	0.0629865000675294	0.0586943227269665	0	0	0	0	0	0	0	0.785201966883803	0.0931172103217014
spot_608	0.0600446180800856	0.243227095524576	0.0302344404731422	0.0302235136479253	0	0	0	0.0141301920271525	0	0.517646623055393	0.104493517191726
spot_609	0	0	0	0	0.97547325553145	0.0245267444685505	0	0	0	0	0
spot_610	0	0.00464543155872404	0.0171784200735462	0.343613656826494	0.403541592424653	0.0472348741577654	0	0.0933621667783329	0.090423858180484	0	0
spot_611	0	0.352474633771903	0.647525366228097	0	0	0	0	0	0	0	0
spot_612	0	0.0216157493464027	0	0	0	0.130706967531451	0	0.847677283122147	0	0	0
spot_613	0.011907490011688	0.0260657557013975	0.00265069449338149	0	0.757743522256425	0	0	0.0801284203565257	0.121504117180582	0	0
spot_614	0	0.0241200671261373	0	0.224621176538977	0.751258756334886	0	0	0	0	0	0
spot_615	0	0.0737624523865213	0.0185949840154389	0	0.485094402157955	0.33858373125444	0.0584319844602076	0	0	0.0255324457254378	0
spot_616	0	0.0140313499716024	0	0	0	0.985968650028398	0	0	0	0	0
spot_617	0	0	0	0	0	1	0	0	0	0	0
spot_618	0.023850437606713	0.111693536769443	0	0	0	0.756381268619777	0	0	0	0.108074757004067	0
spot_619	0	0.0287264275173029	0.0949407365229709	0	0.223468105904586	0.022316847030002	0	0.630547883025138	0	0	0
spot_620	0	0.00501348614676881	0	0	0.29674384773189	0.698242666121342	0	0	0	0	0
spot_621	0	0.0310593638201055	0	0	0.815347056574466	0.153593579605429	0	0	0	0	0
spot_622	0	0.0815461701891954	0.00193338241985178	0	0	0.172209075282753	0	0.7443113721082	0	0	0
spot_623	0.0382099141257093	0	0	0	0	0.96179008587429	0	0	0	0	0
spot_624	0	0.0197450867865765	0	0	0	0.856404144477865	0	0	0	0.0636319531056242	0.0602188156299341
spot_625	0	0	0	0	0.306134806671292	0.00576401854801553	0	0.467661442936048	0.220439731844645	0	0
spot_626	0.0384852924679825	0.0241984588468893	0.0540363121468301	0.00336205729104211	0	0.0154622698681956	0	0.86445560937906	0	0	0
spot_627	0.217542879843267	0.0147234179280686	0	0	0	0.601398981584788	0	0.14413992597714	0	0.0221947946667362	0
spot_628	0	0.0112844094694879	0.0591462879596356	0	0	0.544852091329003	0	0	0.384717211241874	0	0
spot_629	0.0170275268140921	0.309153291639698	0	0	0	0.0168392893976976	0	0	0	0.656979892148512	0
spot_630	0	0.0075149745348907	0.00600744869765149	0.414453762834436	0	0.000520526371943458	0	0.571503287561079	0	0	0
spot_631	0	0.0742234232438258	0.0420599485638396	0	0.883716628192335	0	0	0	0	0	0
spot_632	0	0.0313232337198513	0	0	0.187940223301076	0.767641354360846	0	0.0130951886182269	0	0	0
spot_633	0	0.454198890503641	0.545801109496359	0	0	0	0	0	0	0	0
spot_634	0	0.0296653484876733	0	0.290408331639643	0.496241094652134	0.0433481575691265	0	0.0735934071949182	0.0667436604565051	0	0
spot_635	0	0	0	0	0.694279716807394	0.225447311738361	0	0	0	0	0.0802729714542441
spot_636	0	0.0235214743397756	0	0	0.637648050873861	0	0	0	0	0.338830474786363	0
spot_637	0.00395993451854813	0.0136493488765091	0	0	0.205372636040035	0.598951682897187	0	0	0	0.178066397667721	0
spot_638	0	0.00668339865368495	0.0574724106037491	0.0320831218654033	0	0.648614114907745	0	0.255146953969418	0	0	0
spot_639	0	0.014719597352803	0	0	0.119455154365493	0.831001731219605	0	0	0.0348235170620989	0	0
spot_640	0	0.0131547916152662	0.0251167061676906	0	0.304106878334996	0.42500112752954	0	0.221811881850594	0.010808614501913	0	0
spot_641	0.0633434166859159	0.0129451450690429	0	0	0.839561892648673	0	0	0.0841495455963681	0	0	0
spot_642	0	0.0351227975689163	0.0060031440972457	0	0.0622815860772634	0.896592472256575	0	0	0	0	0
spot_643	0	0.0272193670763718	0	0	0.011189450926039	0.349759328167455	0.00173250323196955	0.523647561730803	0.000874065498246151	0.0855777233691163	0
spot_644	0.0303523853329412	0.00471365598743181	0	0.00575820537498667	0.432880944266163	0	0	0	0.526294809038477	0	0
spot_645	0.0506191523835188	0.0218555020623157	0	0.1385163049749	0.543162409356907	0.0496176373664174	0	0.0900114938223348	0.106217500033606	0	0
spot_646	0	0.00251756847977266	0	0.693335327077445	0.00171171608840593	0.205670929285378	0	0.0967644590689978	0	0	0
spot_647	0.0164063682619233	0.12215567235551	0.605553815278159	0	0	0.235433757985351	0	0.00858028154805913	0	0	0.0118701045709981
spot_648	0	0.0354180840559785	0.0301177027646866	0	0	0.72029001323924	0	0	0	0	0.214174199940094
spot_649	0.0195147184584293	0	0	0	0	0.660633688697795	0.2979938616631	0.0218577311806749	0	0	0
spot_650	0	0.00565305919247649	0.00595989433454166	0	0	0.986331767554875	0	0.00205527891810656	0	0	0
spot_651	0	0.0105180420423252	0	0	0.724155897236433	0	0.178411013149157	0	0.086915047572085	0	0
spot_652	0	0.233893546240571	0.484584306198376	0	0	0.0940586764784482	0	0.187463471082605	0	0	0
spot_653	0	0.0041169585435758	0.00734062439932294	0	0	0.737477501483312	0	0	0	0	0.251064915573789
spot_654	0.00517971193911951	0.00842376523175989	0.0682892018515724	0	0.176574266702485	0.741533054275063	0	0	0	0	0
spot_655	0.062228770160407	0.000610793768154759	0	0.742653081852945	0	0.175423425579324	0	0	0	0	0.0190839286391693
spot_656	0	0.179549949366519	0.405467630207524	0	0	0.186473275942965	0	0	0.228509144482993	0	0
spot_657	0.0583636564334427	0.0752942322548684	0.108990543963889	0	0.125124967045106	0.0551524799489193	0	0.476553144760288	0.100520975593486	0	0
spot_658	0	0.00356366837755049	0	0	0	0.996436331622449	0	0	0	0	0
spot_659	0	0.0077150330154016	0	0	0.992284966984598	0	0	0	0	0	0
spot_660	0	0.0153611837787342	0	0	0.236249222241441	0.715556704298556	0	0	0	0	0.0328328896812685
spot_661	0	0.00335596028130675	0.017383726667936	0.193686898786042	0.00202806086851906	0.783545353396196	0	0	0	0	0
spot_662	0	0	0	0	0	1	0	0	0	0	0
spot_663	0	0.00369250385047006	0	0	0	0.957050201943299	0	0	0.039257294206231	0	0
spot_664	0	0.00754282418400112	0	0	0.992457175815999	0	0	0	0	0	0
spot_665	0.455543478141095	0.0746365840342624	0.0875268906877801	0	0	0	0	0.382293047136863	0	0	0
spot_666	0.122038739582471	0.0857775809237639	0.0137234070204315	0.00936584506956891	0.0102099830376724	0	0	0.693654831220218	0.0652296131458745	0	0
spot_667	0	0.0450302538865152	0.101136463323972	0	0	0.797088490845537	0	0.0567447919439753	0	0	0
spot_668	0	0.019604948334948	0	0	0	0.608695722474879	0	0.371699329190173	0	0	0
spot_669	0	0.0193201480907192	0.0281776414524528	0.196282599190056	0.270665419197355	0.336839902128653	0	0	0.148714289940765	0	0
spot_670	0	0	0	0	0.097133258591219	0	0.00182369564635489	0.901043045762426	0	0	0
spot_671	0	0.022672712566139	0	0	0.146219496597949	0.0137319405290898	0.00152668254658508	0.583521159365544	0.00180972393755842	0.230518284457135	0
spot_672	0	0.00319436792607517	0	0	0	0.977751411315523	0	0.0190542207584013	0	0	0
spot_673	0	0	0	0.0143666095921458	0.0506601705605186	0.929318443935353	0	0	0	0.00565477591198196	0
spot_674	0	0.0973421761392496	0.022373419245899	0	0.880284404614851	0	0	0	0	0	0
spot_675	0	0	0	0	0	0	0	1	0	0	0
spot_676	0	0	0	0	0.520363203532855	0	0	0.479636796467145	0	0	0
spot_677	0	0.0680081032409799	0.0872135420043826	0.0428213647587753	0	0.023849382179588	0	0.778107607816274	0	0	0
spot_678	0.0372304330927386	0.0496089526920924	0.110299413650574	0	0	0	0	0.164669609130779	0	0.0242527053161091	0.613938886117707
spot_679	0.00793196261718071	0.0036090425630095	0	0	0	0.98845899481981	0	0	0	0	0
spot_680	0	0.00933576008947939	0.108152417918143	0	0.764583448993003	0.0583399781644549	0	0.0595883948349189	0	0	0
spot_681	0	0.0401164891673346	0	0	0.488654294073524	0.33213360121157	0	0.130521828900126	0.00857378664744574	0	0
spot_682	0.0323134286158656	0.0267615252180091	0	0.257594130733117	0.380383253941521	0.275846395790811	0	0	0	0	0.0271012657006762
spot_683	0.214408741673864	0.0866666519139882	0	0	0	0.0993482991781979	0	0	0	0.599576307233951	0
spot_684	0.0790598445028082	0.0644398651097708	0	0	0	0.290424423054083	0	0	0	0.566075867333339	0
spot_685	0	0.0162727861231911	0	0.147289535003801	0.836437678873008	0	0	0	0	0	0
spot_686	0	0.0121884282020294	0	0.0484104087348108	0.93940116306316	0	0	0	0	0	0
spot_687	0	0.0276618452487043	0.0494554356588005	0	0.00225270960143659	0.606413394984347	0	0.2061632079062	0.108053406600511	0	0
spot_688	0.686521553159146	0.032053055736393	0.0218256542874004	0	0	0	0	0.251317815124713	0	0	0.00828192169234785
spot_689	0	0	0	0	0	0.939179363121211	0	0.0608206368787886	0	0	0
spot_690	0	0.285829485749104	0.014919382063926	0.00156376078137926	0	0.575225276669936	0	0.119998494095899	0	0	0.00246360063975619
spot_691	0	0	0.0267514996168137	0	0.853084827563536	0.12016367281965	0	0	0	0	0
spot_692	0	0	0.0162936264320829	0.054939876674832	0.0640862322214226	0.296850562606223	0	0.0721672499374942	0.495662452127946	0	0
spot_693	0	0.0522329606298272	0.0202724949042944	0	0.920166410308882	0	0.00491422017056272	0	0.00241391398643424	0	0
spot_694	0	0.0292066196510342	0.0623949538345431	0.253503273333073	0.032731375103554	0.28465718142152	0	0	0.337506596656275	0	0
spot_695	0	0.00500622456906326	0.00500509278576895	0	0	0.00773904933686604	0	0	0	0.445290074367895	0.536959558940407
spot_696	0	0.0138504296709345	0.00792071893095716	0.0103644976596053	0.0134938632510012	0.626942184865516	0	0.327428305621986	0	0	0
spot_697	0.225913688263174	0.0792442076049366	0.0878545043469065	0	0.247521707745471	0	0	0.359465892039513	0	0	0
spot_698	0	0.169596559800482	0.0910354547333524	0	0	0.279077374632513	0	0.415360798011726	0	0.0389660145034045	0.0059637983185222
spot_699	0	0	0	0	0.549003214824343	0	0	0.450996785175657	0	0	0
spot_700	0.179841310127051	0.0170284288591448	0.0654941012247167	0.290681992237228	0.0992214939891563	0.201043072042168	0	0.0472363443476726	0.0994532571728634	0	0
spot_701	0	0.00294644673311762	0.00799392425802064	0.0460474684136871	0	0.901147870356555	0	0	0.0348408156057941	0	0.00702347463282587
spot_702	0	0.0168778945051993	0	0.00662749671969744	0	0.340492783582306	0	0.636001825192798	0	0	0
spot_703	0	0.0434999228772192	0	0	0.840217301372741	0.111853003127793	0	0	0.00442977262224681	0	0
spot_704	0	0.117602718600752	0.225826313113168	0	0.0679929077997216	0.17510633029036	0	0.154242396494732	0	0.174849861652139	0.0843794720491277
spot_705	0.629325456443322	0.18265739725793	0.186093671797774	0	0	0	0	0.00192347450097406	0	0	0
spot_706	0.232084266283819	0	0	0	0	0.722832307898044	0	0	0	0.0450834258181375	0
spot_707	0	0	0	0	0.931250050911145	0	0	0.0561004096881376	0.0126495394007175	0	0
spot_708	0.177334417117517	0.103638832418888	0	0.0781095756678391	0.407039327636609	0	0	0	0.0760641023188757	0.157813744840272	0
spot_709	0	0.0602021543325613	0.139129548343665	0	0.524814074719825	0	0	0.275854222603949	0	0	0
spot_710	0.0682559919534014	0.01874358751613	0.0208444561094131	0	0.857187021213861	0.0310046702458553	0	0	0.00396427296133893	0	0
spot_711	0	0.136576554544589	0.0552952676586281	0	0.0261295186133188	0	0	0	0	0.675906616616583	0.106092042566881
spot_712	0	0.0125216249039884	0.023911033400745	0	0.149864096491604	0.239670849696223	0	0.509718890821116	0.0643135046863234	0	0
spot_713	0	0.187444107877767	0.0391616845384757	0	0.773394207583757	0	0	0	0	0	0
spot_714	0	0.150672161834859	0.00650187557780137	0	0.0479450496239794	0	0	0	0	0.794880912963359	0
spot_715	0	0.0291752762018887	0.0740282212916554	0.601415701211464	0	0	0	0.295380801294992	0	0	0
spot_716	0	0.0423740118381419	0	0	0.47859242532337	0.405605791073017	0	0	0.00258048525919458	0.0217496706019246	0.0490976159043519
spot_717	0	0.00504116895496516	0	0	0	0.994958831045034	0	0	0	0	0
spot_718	0	0.00215726789444596	0	0	0.522650468520476	0.0442592354600555	0	0	0.430933028125022	0	0
spot_719	0	0.0399647056832839	0.0142972321443356	0.922025231497804	0	0.0237128306745768	0	0	0	0	0
spot_720	0	0.0243269148608338	0	0.00838093228881262	0.0482101019927431	0	0	0	0.919082050857611	0	0
spot_721	0	0	0	0.00284523653866349	0.685774416145571	0.0581105042627564	0	0	0.125775849173936	0	0.127493993879074
spot_722	0.0990883626761188	0.223950053888513	0.00674251958973325	0.0048667608117237	0	0	0	0.0100384288377679	0	0.655313874196143	0
spot_723	0	0	0	0.0138368408621734	0.0717231338460386	0	0	0.914440025291788	0	0	0
spot_724	0.00813115302179467	0.330024115757719	0.0483360805745523	0	0	0	0	0	0	0.568561290894561	0.044947359751373
spot_725	0.243571159074343	0.0424588683693659	0.0106710510605143	0	0	0.596670802894709	0.106628118601068	0	0	0	0
spot_726	0	0.102094471586975	0.432800620660345	0	0	0	0	0.369827305034808	0.068910060730534	0.0138661254439701	0.012501416543368
spot_727	0	0	0	0	0.0803001095593057	0.876711533909658	0	0.042988356531036	0	0	0
spot_728	0	0	0	0	0.108803934054882	0.891196065945118	0	0	0	0	0
spot_729	0	0.0333376041015521	0.00741501890260037	0.15264319627358	0	0.794860106485575	0	0	0	0.0117440742366917	0
spot_730	0	0	0	0	0.36398726586267	0.578288795837369	0	0.0577239382999603	0	0	0
spot_731	0	0.00612458269947109	0	0	0.143161200180178	0.850714217120351	0	0	0	0	0
spot_732	0	0	0.00832951185916296	0	0.522813138954627	0	0.00451928094856326	0.464338068237647	0	0	0
spot_733	0.0207083690010336	0.0215620097198058	0.0149663468982401	0	0	0.911245140542978	0	0.00588384730119548	0	0.0256342865367473	0
spot_734	0	0.0587219165734093	0.00285504773287721	0.0296787426291301	0	0.905886594126157	0	0.00285769893842649	0	0	0
spot_735	0	0.521948144921797	0.43856529211686	0	0.0288835305415263	0	0	0	0	0	0.0106030324198168
spot_736	0.00474429544444369	0.0364873884104015	0.0275049150158659	0	0	0.870646071546978	0	0	0	0.0606173295823114	0
spot_737	0.137848837986741	0.306215040368545	0.009822722554883	0.00472309200087447	0	0	0	0	0	0.436939410912978	0.104450896175979
spot_738	0.0264515607702107	0.627846192192617	0.302893603995637	0	0	0.0115244467726322	0	0	0	0.0278126062502298	0.00347159001867293
spot_739	0.0211433729260007	0.136466011616305	0	0	0	0.00228870370534466	0	0	0	0.840101911752349	0
spot_740	0	0.0654679490184288	0.0218956138518543	0	0.435713013045533	0.402274216001608	0	0	0.00502393641597686	0	0.0696252716665982
spot_741	0.358537192148886	0.00726437810251202	0.0138698731997021	0.0144256442476412	0.279326536422203	0	0	0.253824021073617	0.0727523548054387	0	0
spot_742	0	0.0300797582732199	0.0189081747266769	0	0.0680928238173671	0.0183245885821915	0	0	0.864594654600545	0	0
spot_743	0	0.00985426176598232	0	0.289990854966756	0.176615192250407	0.430060830492618	0	0.0080526975657767	0.085426162958459	0	0
spot_744	0	0.197223726770709	0.0904678771003135	0	0.661781146745386	0	0	0	0	0.0505272493835908	0
spot_745	0	0	0.000807543354165834	0	0.044069974631794	0.95512248201404	0	0	0	0	0
spot_746	0	0.0195475083070732	0.0177278502067581	0	0.158667714823572	0.0637291892750577	0	0	0.740327737387539	0	0
spot_747	0	0.0103138601409373	0	0	0.211436888526104	0.778249251332959	0	0	0	0	0
spot_748	0	0.0308552922740772	0.178919686143943	0	0.144665963922505	0.541965934831535	0	0.0215414824079683	0.0169390370348647	0	0.0651126033851071
spot_749	0.0922041158702728	0.500359177301605	0.140140421586946	0	0	0	0	0	0	0.267296285241177	0
spot_750	0.0340831637053506	0	0	0.0133138330483721	0.0493395568630779	0	0	0.9032634463832	0	0	0
spot_751	0.03418420887004	0.0963698714662748	0.23954080444626	0	0	0	0	0.629905115217425	0	0	0
spot_752	0.0579678621706442	0.0373626719940545	0.0223489309750242	0.132322151188698	0.0737019266409549	0.21496599006025	0	0.00852148904789531	0.452808977922479	0	0
spot_753	0	0.00987235817243171	0	0.346279722627305	0.542986382848941	0	0	0	0.100861536351322	0	0
spot_754	0.0063126388294644	0	0	0	0.147941324078688	0.768862672501643	0	0.0768833645902048	0	0	0
spot_755	0	0.0139463647936309	0.0204137493506595	0	0.58073484432842	0	0	0.38490504152729	0	0	0
spot_756	0	0.00205825497059712	0	0	0.0691791225395263	0.899083569776513	0	0	0.0296790527133634	0	0
spot_757	0	0	0	0	0.963406535459938	0.0365934645400623	0	0	0	0	0
spot_758	0	0.0170340197508349	0	0	0	0.982965980249165	0	0	0	0	0
spot_759	0.00535002987697715	0	0	0	0.0439602543993543	0.905525007360696	0	0	0.0451647083629724	0	0
spot_760	0.0185496610375405	0	0	0	0	0.515532866320173	0.465917472642286	0	0	0	0
spot_761	0	0	0.00705982495121754	0	0.897489854019235	0	0.0954503210295477	0	0	0	0
spot_762	0	0	0	0	0	1	0	0	0	0	0
spot_763	0.224125369111669	0.023638447691046	0.019790095566357	0	0	0.0211007625033164	0	0.203874301162709	0.0881460193511534	0.419325004613749	0
spot_764	0.04338784868507	0.0742083184059731	0	0	0	0.00306090836062771	0	0	0	0.87934292454833	0
spot_765	0.041498593023753	0.0229508960425979	0.02150994974055	0.186559924279897	0	0.563162359195194	0	0.104636989799829	0	0	0.059681287918179
spot_766	0	0.0308833854283915	0	0	0	0	0	0	0	0.969116614571608	0
spot_767	0	0	0	0	0	1	0	0	0	0	0
spot_768	0	0	0	0	0.867112668302618	0.132887331697382	0	0	0	0	0
spot_769	0	0.0140182839436531	0.00379255502532311	0.731047966646365	0.0662648349669149	0.0124718079394345	0	0.11898339888665	0	0	0.0534211525916595
spot_770	0	0.0141855162492329	0.0403810777657608	0	0.682294189139007	0.154386367145761	0	0	0.108752849700238	0	0
spot_771	0	0.00925576410520908	0	0	0.102162405255924	0.666773636276158	0	0.221808194362709	0	0	0
spot_772	0	0.0253953908998752	0.0172317041988902	0.849899002123422	0.00254880751040056	0.104925095267412	0	0	0	0	0
spot_773	0.0332245072753635	0	0	0	0	0.966775492724637	0	0	0	0	0
spot_774	0	0.0229135776366422	0.0594559632313551	0	0	0.015644770615118	0	0.816633820419167	0	0	0.0853518680977177
spot_775	0	0.0215024247355194	0.00615174489688481	0.964549184750268	0	0	0	0	0	0	0.0077966456173275
spot_776	0	0.00604712466507689	0	0	0.0832464480575072	0.029361976289314	0	0	0.0711807605826325	0.71102788905634	0.0991358013491285
spot_777	0.0315929668490549	0	0	0	0	0.0247906395223413	0	0	0	0.943616393628604	0
spot_778	0	0.29484336292326	0.285602241768068	0	0	0.109531897553634	0	0.260634191996017	0	0.0154965835173739	0.0338917222416473
spot_779	0	0.0235992357668566	0	0	0.976400764233143	0	0	0	0	0	0
spot_780	0	0.00655564328261826	0.00265971817012062	0	0	0.990784638547261	0	0	0	0	0
spot_781	0	0	0	0	0.30303035323434	0	0	0	0.690731289290149	0	0.00623835747551066
spot_782	0	0.024502467296762	0.0729310744803433	0	0.00891076362522283	0.0173480776462296	0.0013814104270509	0.874926206524392	0	0	0
spot_783	0	0.00986616130379919	0	0	0.973340856593585	0.0167929821026161	0	0	0	0	0
spot_784	0	0.0307566885003943	0	0.96882215699665	0	0.000421154502955541	0	0	0	0	0
spot_785	0	0.0155524174995731	0	0.584441360067269	0.367601486089655	0.0324047363435027	0	0	0	0	0
spot_786	0	0.019287560538162	0	0.219142316032528	0.490667156208393	0	0	0.270902967220917	0	0	0
spot_787	0	0.0181886790198989	0	0	0.115967796704185	0.695307575247858	0	0	0.170535949028057	0	0
spot_788	0	0.20028889304436	0.79971110695564	0	0	0	0	0	0	0	0
spot_789	0	0	0	0	1	0	0	0	0	0	0
spot_790	0	0	0	0	0.0599390236648916	0	0	0.868947346743586	0.0711136295915222	0	0
spot_791	0	0.0208505280310533	0	0	0.833425195508608	0.145724276460339	0	0	0	0	0
spot_792	0.30134321604907	0.0069486325642709	0.0411016464734495	0	0.0677990663061663	0	0	0.582807438607043	0	0	0
spot_793	0	0.0146660274599963	0	0	0.703045257844158	0.282288714695845	0	0	0	0	0
spot_794	0.0026290454907008	0.0334443635657503	0.021021564033342	0	0.125631462643363	0.443492303226556	0	0.373781261040287	0	0	0
spot_795	0	0	0	0	0	0.937668286217269	0.0623317137827309	0	0	0	0
spot_796	0	0	0	0	0.00774619493698186	0.992253805063018	0	0	0	0	0
spot_797	0	0.0107011136598358	0.0180271599718535	0.254398242171094	0.460592687583701	0.256280796613515	0	0	0	0	0
spot_798	0	0	0	0	0.438846702456648	0	0	0.126965078353797	0.434188219189554	0	0
spot_799	0	0.0236627984217313	0.0198521292716308	0	0	0	0	0.956485072306638	0	0	0
spot_800	0	0.00277244456060466	0	0	0.0803061368175953	0	0	0	0	0.9169214186218	0
spot_801	0	0	0	0	0.895954803201104	0.0673457411999387	0	0.0350665171914148	0.00163293840754266	0	0
spot_802	0	0.0298075823069536	0	0	0.753539503741621	0.0161853799438004	0.148725313882427	0	0.0329016392398113	0	0.0188405808853862
spot_803	0	0.185616985905709	0.211569936748277	0	0.602813077346015	0	0	0	0	0	0
spot_804	0	0.00677008220685219	0	0	0.0306923227489478	0.0268574644261232	0	0	0	0.419303631510501	0.516376499107576
spot_805	0	0.151195525410702	0.0126235172627169	0.0917845034664199	0.0250616927674186	0.649355858350324	0	0.0593862352757528	0	0	0.0105926674666666
spot_806	0	0.222973000351931	0.308447590169376	0	0	0.284866773806561	0	0.183712635672133	0	0	0
spot_807	0	0.0223687062451418	0	0.260205299856278	0.00493625125309224	0.449125599657218	0	0.263364142988269	0	0	0
spot_808	0	0.0086351870411573	0.016487559950384	0	0.147358979400788	0.47718028641317	0	0.3503379871945	0	0	0
spot_809	0.0118622963236779	0.0173560994390602	0	0	0	0.00849743309838443	0	0	0	0.962284171138878	0
spot_810	0	0.0223219289448215	0	0.0182132869301605	0	0.292698556710558	0	0.66676622741446	0	0	0
spot_811	0	0.0340123337295327	0	0.0372417295558832	0.928745936714584	0	0	0	0	0	0
spot_812	0	0	0	0.00218675468984209	0.913410456474428	0	0	0	0.0714254569391385	0	0.0129773318965922
spot_813	0	0.0505814651629814	0.0254932712331086	0	0.35400919647745	0.0234678551088595	0.00617631658094897	0.540271895436652	0	0	0
spot_814	0.0134144802104481	0.105867092608707	0.324458513128602	0	0	0.149554497954407	0	0	0	0	0.406705416097835
spot_815	0	0.0602989409778105	0.0038395923379741	0	0.908021773413621	0.0232067270930414	0	0	0.00463296617755274	0	0
spot_816	0.00761609045623586	0.0262018035863086	0.00475408245468567	0	0	0.96142802350277	0	0	0	0	0
spot_817	0.0764939932832781	0.0329956173890589	0.0130726955053591	0.0512834655932295	0.826154228229074	0	0	0	0	0	0
spot_818	0	0	0.0258372420321772	0	0.57066447786439	0.403498280103433	0	0	0	0	0
spot_819	0	0.0512582816358905	0.0162790695654753	0	0.0733161092114337	0.859146539587201	0	0	0	0	0
spot_820	0	0.109702900540011	0.233278023310054	0	0.403337574018143	0.253681502131792	0	0	0	0	0
spot_821	0	0	0	0	0.147236329062704	0.00374278387327626	0.00272855666332331	0.846292330400697	0	0	0
spot_822	0	0.0027651662264079	0.0163249791078796	0	0.980909854665712	0	0	0	0	0	0
spot_823	0	0.0601979118643568	0.128373002875449	0	0	0	0	0.811429085260194	0	0	0
spot_824	0	0.0174771962348371	0	0.0132738842935841	0.0304160072826133	0	0	0	0	0.938832912188966	0
spot_825	0	0	0	0.0666463569576996	0.251317399741815	0.309113871856344	0	0	0.358279318543342	0	0.0146430529007995
spot_826	0	0.0042503597932677	0	0	0	0.995749640206733	0	0	0	0	0
spot_827	0	0.0193188813310177	0	0	0.980681118668983	0	0	0	0	0	0
spot_828	0	0	0	0	1	0	0	0	0	0	0
spot_829	0	0	0	0.613015470565602	0	0.107215184735494	0	0	0.105081122008586	0	0.174688222690318
spot_830	0	0.0278771717579346	0	0	0	0.972122828242065	0	0	0	0	0
spot_831	0	0	0	0	0	1	0	0	0	0	0
spot_832	0	0.0815857593457499	0	0	0.91841424065425	0	0	0	0	0	0
spot_833	0	0.0149154815985113	0.0134383843264871	0	0.072493382756265	0.825683193799079	0	0.0734695575196579	0	0	0
spot_834	0.002505089446626	0	0	0.0629711150178801	0	0.135815201706108	0	0.798708593829386	0	0	0
spot_835	0	0.0222697513173122	0.00564174146175658	0.966481656378641	0.00492076618062858	0.000686084661662153	0	0	0	0	0
spot_836	0	0.00604768236924838	0.00512599689432409	0	0.988826320736428	0	0	0	0	0	0
spot_837	0.00957782783608109	0.0774688620875971	0	0.00789666275087294	0	0.866630954173535	0.010137359208462	0	0	0.0282883339434523	0
spot_838	0	0.0403179104821296	0.011061980684434	0.223170338720302	0.00631217244739603	0.0523923219902734	0	0	0.635609695289104	0.0311355803863611	0
spot_839	0.281759153328933	0.265260771017687	0.154456987881395	0	0	0.0324379901644249	0	0	0	0.266085097607559	0
spot_840	0.0266976975210273	0	0	0	0	0.863732843305677	0	0	0.0990872677499355	0.01048219142336	0
spot_841	0	0	0	0	0	1	0	0	0	0	0
spot_842	0	0.0354127996278848	0.0096187656756164	0	0.954968434696499	0	0	0	0	0	0
spot_843	0	0	0	0	0	0	0	1	0	0	0
spot_844	0	0.100762560256686	0.240333466382187	0	0.0882714264065508	0.112528971360046	0	0.45810357559453	0	0	0
spot_845	0	0	0	0	0	0.940033111262505	0	0	0	0	0.0599668887374953
spot_846	0.0224123197468798	0.0287958136606703	0.145034016590939	0	0	0	0	0.803757850001511	0	0	0
spot_847	0	0	0.0127997560587624	0.865299255151107	0.0458497586748432	0.0760512301152876	0	0	0	0	0
spot_848	0	0	0.0186113697700172	0.257704367898432	0.674442508694129	0.0492417536374211	0	0	0	0	0
spot_849	0	0.00165236247382912	0	0.0226500756616752	0.422021378572472	0.553676183292024	0	0	0	0	0
spot_850	0	0.159808564206852	0	0	0.757414659076284	0.08070104608657	0	0	0.00207573063029411	0	0
spot_851	0	0	0	0	0	1	0	0	0	0	0
spot_852	0	0	0	0.446953277345769	0.407270337501738	0.0494143240923982	0	0.0713216845242639	0.0250403765358311	0	0
spot_853	0.0569651821881628	0.0207244955640708	0	0	0	0.727650070429668	0	0.0110711034424466	0	0.183589148375653	0
spot_854	0	0	0	0	0	0.934996327374103	0	0	0.0650036726258967	0	0
spot_855	0	0.0358037460519877	0	0	0.306691565765631	0.487492292861658	0	0	0.0893292116131142	0.0806831837076089	0
spot_856	0	0	0	0.0321291627227868	0.0248060326887599	0.943064804588453	0	0	0	0	0
spot_857	0	0	0	0	0.325501797494006	0.0292217512622788	0	0	0.639293901784065	0	0.00598254945964989
spot_858	0	0.0025266821449584	0.00180679753947077	0	0	0.99566652031557	0	0	0	0	0
spot_859	0	0	0	0	0.223541103310857	0	0.0013958213032706	0.775063075385872	0	0	0
spot_860	0.0438444533973794	0.0242420718473667	0	0.325067230530439	0.336827368211273	0.270018876013542	0	0	0	0	0
spot_861	0.0162556340257733	0.0798378134969419	0.273841826176568	0	0.260325693198421	0	0	0.314490816555595	0.00243104206366416	0.0528171744830367	0
spot_862	0.00332562851263215	0.0352976595414737	0	0	0.055343006424636	0.767984306096759	0	0	0.0203714810609646	0.117677918363535	0
spot_863	0	0.015508587048377	0.00443420508464219	0.566471633111586	0.194251786293033	0.00907271349372591	0	0.210261074968636	0	0	0
spot_864	0	0.0155816060021327	0.00986889816579604	0	0.222094262681155	0	0.0035358126131455	0.747023706661969	0.00189571387580196	0	0
spot_865	0	0	0	0.0889435838641093	0.396754669042411	0.206400308550044	0	0.17056925165396	0.137332186889476	0	0
spot_866	0	0.00589012190454477	0	0.104925810061312	0	0.322345126425962	0	0	0.0111843049623326	0	0.555654636645849
spot_867	0.0131646531056767	0.0484248552513717	0.048654150277767	0	0.0441827116775774	0.845573629687607	0	0	0	0	0
spot_868	0	0.271591140391665	0.226361622351992	0	0	0	0	0.495544595479554	0	0	0.00650264177678906
spot_869	0	0.0471236649903708	0.0280431772282209	0.00648870922216626	0.0788347347993734	0.465134241849716	0	0.374375471910152	0	0	0
spot_870	0	0.255472759340025	0.201381359555162	0	0	0.105604760051227	0	0.406236886891583	0	0	0.0313042341620022
spot_871	0	0	0.0165583744371533	0.314644341677171	0.0796799702122397	0.357505253753496	0	0	0.215077836402809	0	0.0165342235171304
spot_872	0.142430472949231	0.0633171701358015	0.0839717601500601	0.00743344413215305	0	0.0284741953413373	0	0.674372957291417	0	0	0
spot_873	0	0.00797891820785663	0	0	0	0.969954427798883	0	0.00313166375522837	0	0.0189349902380315	0
spot_874	0	0	0	0	1	0	0	0	0	0	0
spot_875	0.0816803633078044	0.000531922665377814	0	0.690406316492487	0	0.22738139753433	0	0	0	0	0
spot_876	0	0	0	0	0	1	0	0	0	0	0
spot_877	0	0.219251256311432	0.0464834485431473	0	0.734265295145421	0	0	0	0	0	0
spot_878	0	0.0854662032954202	0.00321088437462553	0.0110700836462921	0	0.00425139507993886	0	0	0	0.879159277665041	0.0168421559386825
spot_879	0.0622194700452242	0.219365651429203	0.129397431840911	0	0.40021793012013	0.0195771457233441	0	0	0.130782757736347	0.0384396131048397	0
spot_880	0	0	0	0	1	0	0	0	0	0	0
spot_881	0	0.188487096227071	0	0	0.288270102613251	0.0831335869497134	0	0	0.242817499786819	0.197291714423147	0
spot_882	0	0	0	0	0.0642569337627755	0	0	0.935743066237225	0	0	0
spot_883	0	0.0273402596904002	0.00782932859890906	0.964297580981659	0	0.000532830729031325	0	0	0	0	0
spot_884	0.166739164246559	0.385184399509097	0.296107753610774	0	0.135805565349161	0	0	0	0.0161631172844091	0	0
spot_885	0	0.0075239814465303	0	0.643932503735313	0.183075842226968	0.00858707366764399	0	0.135263732028444	0.0216168668950997	0	0
spot_886	0.106535062844216	0.368917738503748	0.324730965193371	0.0510588876620259	0.104810241064769	0	0	0	0.0240208584881094	0.0199262462437605	0
spot_887	0	0	0	0	1	0	0	0	0	0	0
spot_888	0	0.0129448422493449	0	0	0.280396613538592	0.692861040154303	0	0	0	0.0137975040577603	0
spot_889	0	0.184761845119132	0.0957170876422953	0	0	0.686580175428706	0	0.0300823069505922	0	0	0.00285858485927495
spot_890	0.00819099359846744	0.0315761690222147	0	0	0.127531163669943	0.809796957836636	0	0	0	0.0229047158727386	0
spot_891	0	0	0	0	1	0	0	0	0	0	0
spot_892	0	0	0	0.00181786169566386	0.0714751861745543	0.539103902746568	0	0.111088528104143	0.276514521279071	0	0
spot_893	0	0.0213792330390497	0.0237848656304887	0	0.954835901330461	0	0	0	0	0	0
spot_894	0	0.151202293537443	0.196913976833903	0	0	0.076622331046695	0	0	0.575261398581959	0	0
spot_895	0.0239304131259095	0.269780546004866	0.326676193652123	0	0	0	0	0.0706052290979161	0	0.300119482113916	0.00888813600526985
spot_896	0	0	0	0.150009775107459	0.0296427554627335	0.751050228659812	0	0	0	0	0.0692972407699958
spot_897	0	0.049107518223294	0.00652069645051879	0	0	0.253076399540173	0	0.691295385786015	0	0	0
spot_898	0	0.160974137326743	0.0156152339177824	0	0.823410628755474	0	0	0	0	0	0
spot_899	0.395121150888169	0.0712791932744793	0.0353126793148359	0	0.276334544955934	0	0	0.215911347713928	0.00604108385265393	0	0
spot_900	0	0	0.0101120280039631	0	0.036684595122662	0.953203376873375	0	0	0	0	0
spot_901	0.00586957339017284	0.0886093525284654	0.361511920724006	0	0	0	0	0.544009153357356	0	0	0
spot_902	0.0343843918076817	0	0	0.00545847412481845	0.134000370831014	0.0292049163574053	0	0.491388766119061	0	0	0.305563080760019
spot_903	0	0.0138193633389415	0	0.14382153277385	0.617355609762674	0.142978116599331	0	0	0.0820253775252027	0	0
spot_904	0	0.00287948794603356	0	0	0.986059384251739	0	0.00212055536281352	0	0.00894057243941353	0	0
spot_905	0	0	0	0	0.215404561885815	0	0	0.784595438114185	0	0	0
spot_906	0.192586419012108	0.287414276997474	0.0135714231617414	0	0	0.0308204642865127	0	0	0.141284081213374	0.0954706618115709	0.238852673517219
spot_907	0	0	0	0	0.999999999999999	0	0	0	0	0	0
spot_908	0	0.0453351998517378	0	0	0.954664800148262	0	0	0	0	0	0
spot_909	0	0	0	0	0.57812436412604	0	0.00218519629942706	0.419690439574533	0	0	0
spot_910	0	0	0	0	0	1	0	0	0	0	0
spot_911	0	0	0	0.0298467729108422	0.248915386192297	0.592341031637108	0	0	0.00211535103850996	0	0.126781458221243
spot_912	0	0.232641662606201	0.0679850236320056	0	0.527263413512016	0	0	0	0.00804703523787441	0	0.164062865011903
spot_913	0	0.0190244771660726	0	0	0	0.980975522833928	0	0	0	0	0
spot_914	0	0	0	0	0.0408457111274761	0.631155638749686	0	0.148050887846875	0.179947762275963	0	0
spot_915	0	0	0	0	0.166652116937392	0.553674094570773	0	0.176667296040025	0.10300649245181	0	0
spot_916	0	0.0108864397009109	0.0102575441237864	0	0.0211836138400792	0	0	0.0246625884608989	0	0.933009813874324	0
spot_917	0	0.113319855644719	0.00528097686436508	0	0.146642677621283	0	0	0	0.275716963554482	0.459039526315151	0
spot_918	0	0.0257189297044274	0	0.0197416483560042	0	0.404096563877817	0	0.550442858061752	0	0	0
spot_919	0	0	0	0	0	0.991383107339401	0	0	0	0.0086168926605986	0
spot_920	0	0.0608125088986043	0.0134561467316917	0	0.133381938929496	0.719665398815547	0	0.0714639196025515	0.00122008702210969	0	0
spot_921	0	0	0	0	0	1	0	0	0	0	0
spot_922	0	0.0117602615498157	0.00336290950127937	0.929594868480109	0.0272552796029125	0.0280266808658842	0	0	0	0	0
spot_923	0	0	0.0108005247566059	0	0.91783724931333	0	0	0.0713622259300646	0	0	0
spot_924	0	0.0121058169883926	0.0220352971875019	0	0	0	0	0.933899118837565	0	0.0319597669865406	0
spot_925	0	0.100711327937263	0.312702244483185	0	0	0.301876995012238	0	0.271660919310847	0	0	0.0130485132564679
spot_926	0	0.00522743628424357	0.0035241080450671	0.131251899984183	0.0202131833832818	0.837837215526809	0	0.00194615677641537	0	0	0
spot_927	0	0.0204417050455328	0	0	0.958654165593916	0	0.0209041293605511	0	0	0	0
spot_928	0.064734468829814	0.14780825032534	0.045482372296658	0.024847305721915	0	0	0	0.316805382759113	0	0.0140175657273819	0.386304654339778
spot_929	0	0.097211144880964	0.353767728641797	0	0.549021126477238	0	0	0	0	0	0
spot_930	0	0.0134925195765903	0	0	0	0.921807508239205	0	0	0	0.0646999721842049	0
spot_931	0	0.0610599622299748	0.0126830523526117	0.925379615409509	0	0.000877370007904251	0	0	0	0	0
spot_932	0	0.0152725422532702	0	0	0	0.912509791073284	0	0.0500548844903032	0	0.0221627821831423	0
spot_933	0	0.00613914222658847	0.0105970738584809	0.042842310037149	0	0.187670007612089	0	0	0	0	0.752751466265692
spot_934	0	0.0115981539812503	0.00641399723678344	0	0	0.949854610433595	0	0.0160223008522865	0	0.0161109374960835	0
spot_935	0	0.0129923987634549	0.00902728913580904	0.71983267694971	0.18737227402352	0.0170074870768079	0	0	0.0537678740506983	0	0
spot_936	0	0.126211517041703	0	0	0	0.0614975489181782	0	0	0	0.738600376269739	0.0736905577703791
spot_937	0	0.00263903138376512	0	0	0.342620936823922	0.622063143646696	0	0.0326768881456167	0	0	0
spot_938	0	0.382523121961327	0.300461987422073	0	0.253511061952445	0	0	0	0	0.0489048217471088	0.0145990069170465
spot_939	0	0.104443428643065	0.0722494490282537	0	0	0	0	0.803918928962498	0	0	0.0193881933661832
spot_940	0	0.0994855804843102	0.139428458002342	0	0	0.0353742088196695	0	0.718697026816363	0	0	0.00701472587731502
spot_941	0	0.0386339415322206	0.0703068737931855	0	0.696156383106472	0.0498291328663411	0	0.145073668701781	0	0	0
spot_942	0	0.363040623575207	0.326528660475973	0	0	0.193032074096305	0	0.0973116634386844	0	0	0.0200869784138308
spot_943	0	0.0206001501031009	0	0.0662203112520484	0.858295889585355	0	0	0	0.0548836490594961	0	0
spot_944	0	0	0	0	0.188300843897713	0.809119112246527	0	0	0.00258004385576001	0	0
spot_945	0	0	0	0.100324789541292	0.00217943563807878	0.485685769084068	0	0	0.135301165638906	0.0581956289337093	0.218313211163946
spot_946	0	0	0	0.115387209985626	0	0.733919995365372	0	0	0.0795271853170066	0	0.0711656093319953
spot_947	0	0.00590190824590491	0	0	0.994098091754095	0	0	0	0	0	0
spot_948	0	0	0	0	0.165030407867327	0.78326519029055	0	0.0517044018421229	0	0	0
spot_949	0.529862269974793	0.078336145696439	0	0	0	0.0589571444608576	0	0	0	0.332844439867911	0
spot_950	0.0389532207250468	0	0	0	0	0.0498184027837964	0	0	0	0.911228376491157	0
spot_951	0	0.11170188287718	0.00160316938605542	0.00162052104648294	0	0.745034541773009	0	0.140039884917273	0	0	0
spot_952	0.0797766637594223	0.317128916417515	0.108181177269383	0	0	0	0	0.0674503736242831	0	0.427462868929396	0
spot_953	0	0.0202812471392854	0.00580640787300399	0.97391234498771	0	0	0	0	0	0	0
spot_954	0	0.0298228540390491	0.0224732690418009	0	0	0.94770387691915	0	0	0	0	0
spot_955	0.0581262787816338	0.0283556433887395	0	0.0278487331856431	0.0915658195350535	0.0203956847317384	0.0584037577051736	0.0281915275891085	0	0.68711255508291	0
spot_956	0.100661840292833	0.239704308054633	0.00437808882453349	0.00525216364139905	0	0	0	0	0	0.650003599186601	0
spot_957	0.0669369398129902	0.11312338223127	0.0524792178797149	0	0.0366990109287888	0.730761449147236	0	0	0	0	0
spot_958	0	0.101701459690723	0.0167959058498862	0	0.817868483237273	0.0636341512221184	0	0	0	0	0
spot_959	0	0	0	0.0218438855198812	0.145646235071036	0	0	0	0.802053253108299	0.0304566263007835	0
spot_960	0	0.0199552136120686	0	0	0.0538630983133161	0	0	0.0937693268549099	0.831058495723942	0.00135386549576275	0
spot_961	0	0.0106834731827969	0	0.70141518675382	0.0557874042321163	0.091910530922997	0	0	0	0.14020340490827	0
spot_962	0	0	0	0	0	1	0	0	0	0	0
spot_963	0	0	0	0	0.385886488792199	0.614113511207802	0	0	0	0	0
spot_964	0	0	0	0.00729048577354839	0.357979098870632	0	0	0	0.634730415355819	0	0
spot_965	0	0	0.0615219864122158	0.35109828453715	0.0627784294890755	0	0	0.273844266880073	0.06638592071201	0	0.184371111969476
spot_966	0	0	0	0	0.683672236191819	0.316327763808181	0	0	0	0	0
spot_967	0	0.264156601687399	0.735843398312602	0	0	0	0	0	0	0	0
spot_968	0	0	0	0.0228632190841993	0.0614128064352394	0.857215618779373	0	0	0	0	0.0585083557011879
spot_969	0	0.0126242296225861	0	0	0.128642986289891	0.818275672795296	0	0	0.0404571112922274	0	0
spot_970	0.0675713187714342	0	0	0.00884410709768907	0.401488884383163	0.0470516131762948	0	0	0.475044076571419	0	0
spot_971	0	0	0	0	1	0	0	0	0	0	0
spot_972	0	0.00763184369779722	0	0	0.0870879991990347	0.905280157103168	0	0	0	0	0
spot_973	0.0239718852651688	0.647765816053782	0.0523601772564614	0	0	0	0	0	0	0.275902121424588	0
spot_974	0	0.0231746115400694	0.00301216100240776	0	0.497310333584173	0.0231481053510579	0	0	0	0.453354788522292	0
spot_975	0.0763789156230194	0.00499645268192888	0.00357406464407306	0	0	0.887513622996401	0	0.0275369440545778	0	0	0
spot_976	0.0808062825868551	0.00927682843961542	0.00814934941740029	0	0	0.721878803923058	0	0.0133334012151028	0	0.166555334417969	0
spot_977	0.00493531315988309	0.00402302465495822	0	0	0	0.979587299177508	0	0	0	0.0114543630076505	0
spot_978	0	0	0.0344700972820286	0	0	0.965529902717971	0	0	0	0	0
spot_979	0	0.0137114694641724	0.00605010513264097	0	0.938221421284105	0	0.042017004119082	0	0	0	0
spot_980	0	0	0	0	0.0506476985457081	0.914301719378556	0	0.0123240853761916	0	0.0227264966995446	0
spot_981	0	0.00903853796159111	0	0.109867120898987	0.248171869179229	0.52553071655642	0	0	0.107391755403773	0	0
spot_982	0.28289953768761	0.160833996703708	0	0	0	0	0	0	0	0.556266465608682	0
spot_983	0.0786276040934839	0.0160451965357445	0.00743015355838096	0	0.0464678375320959	0.430531680965005	0	0.418787966584315	0.00210956073097448	0	0
spot_984	0	0.0641410396015218	0	0	0.867404954433288	0	0	0	0	0.0684540059651905	0
spot_985	0.0604139749129305	0.119102014515683	0.00628142779698937	0	0.0421408198258443	0.00774129467438337	0	0	0.430848513217029	0.327600964124867	0.00587099093227364
spot_986	0.0398573848885065	0.0119531794369218	0	0	0	0.75282860037325	0	0.195360835301322	0	0	0
spot_987	0	0.0394780077793544	0.0078969995946661	0	0	0.722546442694848	0	0.226909733519769	0	0	0.00316881641136269
spot_988	0	0.00819875669133192	0.0156562697921585	0	0	0.0729830429045369	0	0.903161930611972	0	0	0
spot_989	0.0203495405699001	0.0216804630607089	0	0.505737348646858	0.428932107819518	0.0233005399030147	0	0	0	0	0
spot_990	0.193461537751672	0.139984940574566	0.154185226342676	0	0	0.0963263012207966	0	0	0	0.24797474015965	0.16806725395064
spot_991	0	0.0757655000805914	0.0145023235284075	0	0	0.683594173556005	0	0.113809823676724	0	0.112328179158272	0
spot_992	0	0.0313534009176279	0	0	0.794605453173994	0.15457106375732	0	0.0194700821510578	0	0	0
spot_993	0	0	0.0222207818633701	0	0.683285398214438	0.294493819922191	0	0	0	0	0
spot_994	0	0.010208069620075	0	0	0.962589958155223	0.027201972224702	0	0	0	0	0
spot_995	0	0.0332826290068344	0.0970711322217045	0	0.651970534035308	0.00641901937059859	0.00203931446542595	0.209217370900128	0	0	0
spot_996	0.0279266100490128	0.0290350901193695	0.00529625103897897	0.849435141131888	0.0883069076607504	0	0	0	0	0	0
spot_997	0	0.0222063204699858	0	0	0.599806139415564	0.121499593413955	0	0	0.256487946700495	0	0
spot_998	0.0856373775834388	0.0138765870127761	0	0.186661267795387	0.0461226815300056	0.0219539198858416	0.60983538064099	0.0162884917357359	0	0.0172834187029043	0.00234087511292025
spot_999	0.0149074221951545	0.0160832449000553	0	0.420978738187525	0	0.0852731021378509	0.44570129052479	0	0	0.0170562020546247	0
spot_1000	0	0.00764140222621171	0.0360368704026734	0.0104969256506466	0.0142302666851355	0.0309120165795293	0	0	0.900682518455804	0	0
