B	CD4Tconv	CD8Tex	Endothelial	Fibroblasts	Malignant	Mast	Mono.Macro	Myofibroblasts	Plasma	Tprolif
spot_1	0	0	0	0	0.998648769121915	0.00135123087808413	0	0	0	0	0
spot_2	0	0.000822292681753853	0	0	0.89346011324361	0.105717594074636	0	0	0	0	0
spot_3	0	0.0113981929113823	0	0	0	0.988601807088618	0	0	0	0	0
spot_4	0	0	0.000279256139120024	0	0	0.758331389238774	0	0.0466917396004917	0	0	0.194697615021614
spot_5	0	0.00125490628905054	0	0	0.99874509371095	0	0	0	0	0	0
spot_6	0	0	0	0	1	0	0	0	0	0	0
spot_7	0.000179703854396232	0.00351337369083991	0.0008045005802679	0.518275748180918	0	0.477226673693578	0	0	0	0	0
spot_8	0	0.23394447963036	0.565480904150526	0.100399288185406	0	0.100175328033708	0	0	0	0	0
spot_9	0.00934764213344649	0	0.0122810186897893	0.301617898882202	0	0.676753440294562	0	0	0	0	0
spot_10	0	0.0982245779027797	8.68959238939481e-05	0	0	0.0637387609996656	0	0	0	0.837949765173661	0
spot_11	0	0.433906842056192	0.0263029799620392	0	0	0.531887773674303	0	0	0	0.00282454999463893	0.00507785431282737
spot_12	0	0.452376118928346	0.302537432248501	0	0	0.230170124987701	0	0	0	0	0.0149163238354527
spot_13	0.00262887435500359	0	0	0	0.00269634673295656	0.99467477891204	0	0	0	0	0
spot_14	0	0	0	0.000931052544278092	0.116053055947883	0	0	0.883015891507839	0	0	0
spot_15	0	0.0187066577236882	0.00285354726085215	0	0	0.975810316728869	0	0	0.00262947828659037	0	0
spot_16	0	0.000432646101280578	0.0154263934057201	0	0.000269131514119872	0.974680485877857	0	0.00148234975344206	0	0.00770899334758029	0
spot_17	0.161534814143292	0.0174873646880639	0	0	0.820977821168643	0	0	0	0	0	0
spot_18	0	0	0.00155485976377817	0.0278284051340289	0.242860588382793	0.724342123456549	0	0.00341402326285129	0	0	0
spot_19	0	0	0	1	0	0	0	0	0	0	0
spot_20	0	0	0	1	0	0	0	0	0	0	0
spot_21	0	0	0	0.461276172404577	0	0	0	0.467489752414501	0.0712340751809216	0	0
spot_22	0	0.140700030308808	0.0679722574649588	0.00850180830628947	0.759773550003608	0.023052353916336	0	0	0	0	0
spot_23	0	0	0	0	0	1	0	0	0	0	0
spot_24	0	0.101312653892829	0.0444564050932535	0	0	0	0	0	0.854230941013918	0	0
spot_25	0	0	0	1	0	0	0	0	0	0	0
spot_26	0.859255386044824	0.0988126238266661	0.0419319901285103	0	0	0	0	0	0	0	0
spot_27	0	0	0	0.984136188908216	0.0158638110917837	0	0	0	0	0	0
spot_28	0	0	0	0	0	1	0	0	0	0	0
spot_29	0	0.000403493334215309	0	0	0	0.18830659094022	0	0.811289915725564	0	0	0
spot_30	0	0.0660730141849897	0.93392698581501	0	0	0	0	0	0	0	0
spot_31	0	0.0238363700776084	0.0025243205597013	0	0	0.973219765546383	0	0.000419543816306799	0	0	0
spot_32	0	0	0	0.214372493503944	0.409589702951704	0	0	0	0.376037803544352	0	0
spot_33	0	0	0	0.0101090313041741	0.987357970717487	0.00253299797833889	0	0	0	0	0
spot_34	0	0	0	0.67677670202246	0	0.110317490074105	0.212905807903435	0	0	0	0
spot_35	0	0.0125172485366118	0.0290529026253828	0	0.908585440108418	0	0	0.0498444087295873	0	0	0
spot_36	0	0.0141825341353085	0	0	0.322444629653557	0.659555248126646	0	0	0	0	0.00381758808448881
spot_37	0	0	0	0	0.00342523483642806	0.00150922213231116	0	0	0.995065543031261	0	0
spot_38	0	0	0	0	0	1	0	0	0	0	0
spot_39	0.00358984578689161	0.0523740786201615	0.01663938352794	0.0603690855083455	0	0.416679853876002	0	0	0	0.45034775268066	0
spot_40	0	0	0	0	0.00239748976133333	0.997602510238667	0	0	0	0	0
spot_41	0	0	0	0	1	0	0	0	0	0	0
spot_42	0	0.00235046737879718	0	0.00101170165684014	0.00202863883103877	0.00603224868372227	0	0.988576943449602	0	0	0
spot_43	0	0.0983764984985309	0.749205962980837	0	0	0.0221838797137424	0	0	0	0	0.13023365880689
spot_44	0	0	0	0	0	0	0	0	1	0	0
spot_45	0.121248362792893	0.00103714166495434	0	0	0	0	0	0.0990942716656481	0	0.774806704521948	0.00381351935455654
spot_46	0	0	0	0	0	0	0	0	1	0	0
spot_47	0.00404210103131196	0.00601873587875507	0.0235248340178336	0	0.9664143290721	0	0	0	0	0	0
spot_48	0	0	0	0.0648539097833742	0	0.0187573811716641	0	0	0.0732159654110882	0	0.843172743633874
spot_49	0	0.00167314727042783	0	0.0186229557893694	0.0604899791556716	0.898656983756276	0	0	0	0.0205569340282558	0
spot_50	0	0	0	0.871093509935944	0	0.128906490064056	0	0	0	0	0
spot_51	0.118236102742921	0.179882018292982	0.054194947437526	0	0.177170070763948	0.470516860762623	0	0	0	0	0
spot_52	0	0	0	0.644953327621461	0.330336007915531	0.0247106644630084	0	0	0	0	0
spot_53	0	0	0.0361369387908014	0	0.124052465930004	0	0	0.837874443163944	0	0	0.00193615211524935
spot_54	0	0	0	0	0	1	0	0	0	0	0
spot_55	0	0.000313068366710469	0	0	0.962420584319137	0.0372663473141528	0	0	0	0	0
spot_56	0	0	0	1	0	0	0	0	0	0	0
spot_57	0	0	0	0	0	0	0	1	0	0	0
spot_58	0	0	0	0	0	1	0	0	0	0	0
spot_59	0.76868433707735	0	0.00562550702909351	0	0.0100491298286061	0	0.00165651476471569	0.213984511300234	0	0	0
spot_60	0	0.501181136768623	0.34583238321854	0	0	0.152986480012837	0	0	0	0	0
spot_61	0	0	0	0	0	0.930317817643828	0	0	0	0	0.0696821823561716
spot_62	0	0	0	0	0	0.693975413738875	0.0127532000165142	0.293271386244611	0	0	0
spot_63	0	0.0209999781019987	0	0	0	0	0	0	0.979000021898002	0	0
spot_64	0	0.00926394160675328	0	0	0.683059990432051	0.307676067961195	0	0	0	0	0
spot_65	0	0.419531312073517	0.232603395516358	0	0	0.347865292410125	0	0	0	0	0
spot_66	0	0	0	0.0059029026852348	0	0.210662056945	0	0.469715380736226	0	0	0.313719659633539
spot_67	0	0	0.0106709718991335	0	0.989329028100866	0	0	0	0	0	0
spot_68	0	0.0517395491580427	0	0.0104737962667171	0.0531091505446869	0	0	0.881943787530308	0.00273371650024523	0	0
spot_69	0	0.0025774441845636	0	0	0	0	0	0	0	0.997422555815437	0
spot_70	0	0	0	0	1	0	0	0	0	0	0
spot_71	0	0	0	0.00264222266524551	0.00345262928780746	0.175794766127016	0	0.0378768797426434	0.780233502177287	0	0
spot_72	0	0.000969507980101152	0.000485270419434594	0	0	0	0	0.998545221600464	0	0	0
spot_73	0	0	0	0	0	0.777679692361879	0	0.222320307638121	0	0	0
spot_74	0	0.0568970767937094	0.106064125836829	0	0	0.837038797369462	0	0	0	0	0
spot_75	0	0.604008705495009	0.395991294504991	0	0	0	0	0	0	0	0
spot_76	0	0	0	0	0	1	0	0	0	0	0
spot_77	0	0	0.00180335135404468	0.257156530962871	0.570669162964139	0	0	0	0.162077494801821	0.0082934599171237	0
spot_78	0	0.190744718871526	0.0870368291042405	0	0.0702725974763923	0.648491619101027	0	0.00307238344150011	0.00038185200531364	0	0
spot_79	0	0	0	0	1	0	0	0	0	0	0
spot_80	0.962745403700852	0.00888233406822502	0.0110332144779322	0	0	0	0	0.0173390477529909	0	0	0
spot_81	0	0	0	0.0981397296426836	0.452448872898164	0	0	0	0.449411397459152	0	0
spot_82	0	0.0234605227443742	0.823928962297205	0	0	0.141432405105225	0	0	0	0	0.011178109853195
spot_83	0	0	0	0.378726480166874	0.177517947757575	0.0902284305862263	0	0.353527141489324	0	0	0
spot_84	0	0	0	1	0	0	0	0	0	0	0
spot_85	0	0	0	0	0	0	0	0	0	1	0
spot_86	0	0.0212165651349328	0.0559547479948016	0	0.285966638065064	0.0946847611644247	0	0.538666408783669	0	0	0.00351087885710774
spot_87	0	0	0	0	1	0	0	0	0	0	0
spot_88	0	0.0138136077292507	0	0	0.000724376385297257	0.977612865192177	0	0	0	0.00784915069327493	0
spot_89	0	0.00135312089471794	0.00354673225554478	0.69297708570258	0.0041113516766448	0.296186194843587	0	0	0	0.00157201800836554	0.000253496618560049
spot_90	0	0.65806037763415	0.34193962236585	0	0	0	0	0	0	0	0
spot_91	0	0.000560001091519021	0.0628697639068537	0	0	0	0	0	0.0810902993467531	0	0.855479935654874
spot_92	0	0	0	0	0.0738424547942888	0.905704168206307	0	0	0	0.0204533769994047	0
spot_93	0.00339340046241491	0.00533226811974343	0.00266619068749448	0	0	0.299681885660991	0.685911780627246	0	0.00301447444211024	0	0
spot_94	0	0	0	0.8739195710828	0.00215492117604523	0.00338720781309188	0	0.120538299928062	0	0	0
spot_95	0	0.0174419497004288	0	0	0	0	0	0	0	0.982558050299571	0
spot_96	0.259387650764399	0.0454969994568061	0.460794494955176	0	0.0157869379092479	0	0	0	0	0	0.218533916914371
spot_97	0	0	0	0	0	0.00814341172512712	0	0	0.991856588274873	0	0
spot_98	0	0	0	0	0.783470415617034	0	0	0	0.216529584382966	0	0
spot_99	0	0.042036006227912	0	0	0	0	0	0	0	0.957963993772088	0
spot_100	0	0.0857651405140308	0	0	0	0	0	0	0	0.914234859485969	0
spot_101	0	0	0	0	0.00129363650349846	0.00613800357543865	0	0	0.992568359921062	0	0
spot_102	0	0	0	0	0	0.999999999999999	0	0	0	0	0
spot_103	0	0	0	0	0	1	0	0	0	0	0
spot_104	0	0	0	0	0.990704288697553	0.000431511524661939	0	0	0	0	0.00886419977778478
spot_105	0.596840027284455	0.0291582165119108	0.00195136958812077	0	0.372050386615514	0	0	0	0	0	0
spot_106	0	0	0	0	0.302650586994333	0	0	0	0.697349413005668	0	0
spot_107	0.00353614397308559	0.0107603069100495	0	0	0.195006350438239	0.157149504156272	0	0.633547694522354	0	0	0
spot_108	0	0.607121474033531	0.332222209897235	0	0	0.0606563160692331	0	0	0	0	0
spot_109	0	0.00555249666535884	0	0	0	0	0	0	0.690464985131214	0.303982518203428	0
spot_110	0	0	0	0	0.0262845470810917	0.1180391135442	0	0	0.855676339374708	0	0
spot_111	0	0	0	0	1	0	0	0	0	0	0
spot_112	0.000283470443731759	0.0148223857171152	0	0	0	0	0	0.984894143839153	0	0	0
spot_113	0	0	0.00137935552749701	0	0.998620644472503	0	0	0	0	0	0
spot_114	0	0.00193692613841967	0.000335403557822909	0.997727670303757	0	0	0	0	0	0	0
spot_115	0.280853337554444	0.0647930161317773	0.0278901041315438	0	0.555378805236715	0.0710847369455197	0	0	0	0	0
spot_116	0	0	0	0	1	0	0	0	0	0	0
spot_117	0	0.0646361196004898	0.910284136003985	0	0	0	0	0	0	0	0.0250797443955261
spot_118	0	0	0	0	0.0173047426607352	0	0	0.982695257339265	0	0	0
spot_119	0	0	0	0	1	0	0	0	0	0	0
spot_120	0	0	0	0	0.877615545519379	0.122384454480621	0	0	0	0	0
spot_121	0.0147041288435374	0.00303084785500249	0.001819718351222	0	0.975831133877633	0	0	0	0	0.00461417107260528	0
spot_122	0	0.000246749061608173	0	0.0260733515613123	0	0.0596104380320163	0	0.862758570323537	0	0	0.0513108910215267
spot_123	0	0	0	0	0	1	0	0	0	0	0
spot_124	0	0	0	0	0	1	0	0	0	0	0
spot_125	0	0	0	0.0402631982601222	0	0	0	0.926955506188337	0	0	0.032781295551541
spot_126	0	0.805900062554129	0.10730471237062	0	0	0.0867952250752503	0	0	0	0	0
spot_127	0	0.0690398445752357	0.233746865803585	0	0.0742377742494047	0.577998480143157	0	0.0102116839538262	0	0	0.0347653512747906
spot_128	0	0.00193148004935838	0.0171081947622144	0	0.0747579088865895	0	0	0.589210346788619	0.316122938646827	0.00086913086639134	0
spot_129	0	0	0	0	0	0.785955637574336	0	0.214044362425664	0	0	0
spot_130	0.029742553984197	0.00996968889309268	0.000323783229445446	0	0.00325702987490651	0.92787072758842	0	0	0.0288362164299378	0	0
spot_131	0.00604870218550747	0.0180490157483493	0.00902588708344036	0	0	0.966876394982703	0	0	0	0	0
spot_132	0	0.553252323783683	0.446747676216318	0	0	0	0	0	0	0	0
spot_133	0	0.0169767369749907	0.175280687512728	0	0	0.807742575512281	0	0	0	0	0
spot_134	0	0	0	0	0.00317851338667308	0.00886062726411921	0	0	0.987960859349207	0	0
spot_135	0	0.0141868043808601	0.00366589734347661	0	0	0	0	0.886712298940558	0	0	0.0954349993351047
spot_136	0	0.0633571091099379	0.492971357304155	0.309048741569887	0	0.13462279201602	0	0	0	0	0
spot_137	0	0.00707214591959795	0	0	0.0192360034193201	0.327397922467128	0	0	0	0.594658352982	0.051635575211953
spot_138	0	0	0	0	0	0	0	1	0	0	0
spot_139	0	0.000193875055866822	0	0.965140455509219	0	0.0346656694349142	0	0	0	0	0
spot_140	0.0188974562003779	0.00860090244992619	0.00430189226279586	0.00332490958358572	0	0.0300535531641664	0.93005994206214	0.00476134427700778	0	0	0
spot_141	0	0.010874313277219	0.00296697744493644	0.041812434894934	0	0	0	0.0176782940008785	0.31124837413192	0.551203159146164	0.0642164471039478
spot_142	0	0	0	0	0	1	0	0	0	0	0
spot_143	0.0182527589454788	0.00675387482775366	0.00496537711167902	0	0.0927615435428261	0.67900835341426	0	0	0.172547329949336	0.0149993152934588	0.0107114469152069
spot_144	0	0	0	0	0	0	0	1	0	0	0
spot_145	0	0.748547533606627	0.251452466393373	0	0	0	0	0	0	0	0
spot_146	0	0.0203523083979222	0.00200279076572741	0	0.00167176002293539	0.970198369273064	0	0	0	0.00577477154035067	0
spot_147	0	0	0	0	0.000680240056067509	0.995184427212456	0	0	0	0.00413533273147629	0
spot_148	0	0.00158744325255857	0.000167154417024709	0.00193370108578227	0.0263645920995109	0.96672607310463	0	0.00322103604049331	0	0	0
spot_149	0	0	0	0	0.991983277049054	0.00801672295094536	0	0	0	0	0
spot_150	0	0	0	0	0.0153873178790515	0	0	0.984612682120948	0	0	0
spot_151	0.829105232571227	0.125970675394937	0.0449240920338349	0	0	0	0	0	0	0	0
spot_152	0	0	0	0.0831740351793478	0.916825964820652	0	0	0	0	0	0
spot_153	0	0.41662745234977	0.58337254765023	0	0	0	0	0	0	0	0
spot_154	0.743563975696603	0.182908685826437	0.0735273384769594	0	0	0	0	0	0	0	0
spot_155	0	0.00807645142073374	0	0	0	0.991923548579266	0	0	0	0	0
spot_156	0	0.091441367142913	0.444448885010224	0	0	0.464109747846863	0	0	0	0	0
spot_157	0	0.0196060068873578	0	0	0	0	0	0	0	0.980393993112642	0
spot_158	0	0	0	0	1	0	0	0	0	0	0
spot_159	0	0.012381219256803	0	0	0	0	0	0	0	0.987618780743197	0
spot_160	0	0.0338695202642448	0.0141355712554946	0	0.606513306357132	0.34067019774452	0	0	0	0	0.00481140437860961
spot_161	0.000876973285960804	0.0097975862058333	0	0	0.151619943091672	0	0	0.0284135124785005	0.177551264781982	0.631740720156052	0
spot_162	0	0.00313066032247415	0	0.441608253538564	0.183954388040489	0.369298084900957	0	0	0	0	0.00200861319751635
spot_163	0	0.512559925476998	0.487440074523002	0	0	0	0	0	0	0	0
spot_164	0.93243062296428	0.000187054161023912	0.00490738606464104	0	0	0	0	0.0624749368100554	0	0	0
spot_165	0	6.93048300203454e-05	0	0.156692489387298	0	0.843238205782681	0	0	0	0	0
spot_166	0	0.00304840689534914	0.000390104001186264	0	0.0174783862554102	0.944250552660033	0	0.034832550188022	0	0	0
spot_167	0	0.00566280282295079	0	4.82498823153645e-05	0	0	0	0.994288947294734	0	0	0
spot_168	0	0	0	0.658406155265562	0	0	0	0.341593844734438	0	0	0
spot_169	0	0.415524220320878	0.257825418920078	0	0	0	0	0	0	0.326650360759044	0
spot_170	0	0.0474257060600953	0.012299224011877	0	0	0	0	0.940275069928027	0	0	0
spot_171	0	0	0	0	0	0.782185017975664	0	0	0	0.217814982024336	0
spot_172	0	0	0	0	0.993768735023899	0.00623126497610065	0	0	0	0	0
spot_173	0	0	0	0	1	0	0	0	0	0	0
spot_174	0	0	0	0	0	0	0	0	0	1	0
spot_175	0	0.0968637195274064	0.858978305161593	0	0	0.0441579753110007	0	0	0	0	0
spot_176	0	0.628770767537256	0.371229232462744	0	0	0	0	0	0	0	0
spot_177	0	0.0135733254264946	0	0.0141023888041782	0	0.0156328427125442	0	0.0217612174857174	0	0.852809687384341	0.0821205381867245
spot_178	0	0	0	0	0.0183016769475185	0	0	0.981698323052481	0	0	0
spot_179	0	0	0.0178201415036309	0	0	0.982179858496369	0	0	0	0	0
spot_180	0	0.0672870624120011	0.00536071235749106	0	0.017697958892104	0.341130989770758	0	0	0	0	0.568523276567646
spot_181	0	0.000366289420524739	0	0.999633710579475	0	0	0	0	0	0	0
spot_182	0	0.00773517613848202	0	0	0	0.026615456490665	0.0065284435569209	0.959120923813932	0	0	0
spot_183	0.0119688529544781	0.00903609728984826	0.0405489651829454	0	0.00579943035640516	0	0	0.763936093195375	0	0.168710561020948	0
spot_184	0	0.0695942182793001	0.597324848613167	0	0.314203190370188	0	0	0	0	0.000990774031127172	0.0178869687062177
spot_185	0	0	0	0	0	0	0	0	0	1	0
spot_186	0.00680233900089004	0.00872529124904562	0	0	0	0.0417682743233318	0	0.942704095426732	0	0	0
spot_187	0	0.0038211254723458	0	0.703775566231316	0.00743131366775098	0.00533535340015525	0	0.0972843103110538	0	0.112773105257397	0.0695792256599813
spot_188	0.00675054744460081	0	0	0	0	0.993249452555399	0	0	0	0	0
spot_189	0	0	0	0.162459648908234	0.818826271529411	0.00463296480435008	0	0	0	0	0.0140811147580042
spot_190	0	0	0	0	0	0	0	0.999999999999999	0	0	0
spot_191	0.00573846743345849	0	0	5.12406122183764e-05	0	0.675364480441052	0	0.318845811513272	0	0	0
spot_192	0	0.0545146058856255	0	0	0	0	0	0	0	0.945485394114375	0
spot_193	0	0.0334765291265407	0.404826772777656	0	0	0.561696698095804	0	0	0	0	0
spot_194	0.00852685339095016	0.0117072167859761	0	0	0.672679343601923	0.173007216844922	0	0	0	0.134079369376229	0
spot_195	0	0	0	0	0	0.95181383191719	0	0	0	0.0481861680828097	0
spot_196	0	0.761734269917608	0.238265730082392	0	0	0	0	0	0	0	0
spot_197	0.495050848866297	0.140438716056687	0.0816621207148236	0	0.275826906012712	0	0	0.00598491056884628	0	0.0010364977806344	0
spot_198	0	0.0128194159386442	0.0576768836508785	0	0	0.929503700410477	0	0	0	0	0
spot_199	0	0	0	0.103636313550533	0.747067921012017	0	0	0	0.14929576543745	0	0
spot_200	0	0	0	0	1	0	0	0	0	0	0
spot_201	0	0	0.0665023556921207	0	0	0.0127760365296727	0	0	0	0	0.920721607778207
spot_202	0	0	0	0	0.0899115442846217	0.842669969905817	0	0	0.0674184858095616	0	0
spot_203	0	0	0.0260966026302832	0	0.973903397369717	0	0	0	0	0	0
spot_204	0	0	0	0	0.105208391547615	0	0	0.894791608452385	0	0	0
spot_205	0	0	0	0	0.880417450533861	0.119582549466139	0	0	0	0	0
spot_206	0	0	0	0	0	0	0	1	0	0	0
spot_207	0	0.0152925862444529	0	0	0	0.879291412551797	0	0	0	0.10541600120375	0
spot_208	0	0	0	0.99818847539901	0	0.00181152460098998	0	0	0	0	0
spot_209	0	0	0	0	0.757284073654995	0.238966739140451	0	0	0	0.00374918720455491	0
spot_210	0	0	0	0	1	0	0	0	0	0	0
spot_211	0.178178300959829	0.0317424200281574	0.00741453110136308	0	0	0.782664747910651	0	0	0	0	0
spot_212	0	0.016342877250395	0.0360316010019552	0	0.185479688755979	0.319655413791101	0	0.439891552230961	0	0	0.00259886696960792
spot_213	0	0	0	0	0	1	0	0	0	0	0
spot_214	0.0067028492848592	0	0	0	0.00592658278029455	0.987370567934846	0	0	0	0	0
spot_215	0	0	0	0.0145918903431711	0.973023837192722	0.00206650666445302	0	0	0.0103177657996543	0	0
spot_216	0	0	0	0.972439438563653	0.0275605614363466	0	0	0	0	0	0
spot_217	0	0.498424660643002	0.501575339356999	0	0	0	0	0	0	0	0
spot_218	0	0.0200255976896086	0	0	0.0422713839350793	0	0	0.873849900734205	0	0.0461584366009232	0.0176946810401834
spot_219	0	7.99260935043631e-05	0	0	0.00353998301881684	0	0	0.996380090887679	0	0	0
spot_220	0	0	0	0	0	0	0	1	0	0	0
spot_221	0	0.539695462468591	0.460304537531408	0	0	0	0	0	0	0	0
spot_222	0	0.00688882774550568	0	0	0	0	0	0	0	0.993111172254494	0
spot_223	0	0	0	0	0	0	0	1	0	0	0
spot_224	0.00435370565000282	0	0	0	0	0.945623414796726	0	0.0500228795532712	0	0	0
spot_225	0.00212528262825478	0	0	0.610267552692975	0	0	0	0.38760716467877	0	0	0
spot_226	0.0889741774818342	0	0	0.875072073458691	0	0	4.06804259604575e-05	0.0359130686335143	0	0	0
spot_227	0	0	0	0	0	0	0	0	0.999999999999999	0	0
spot_228	0	0.0795401967159583	0.238638721584338	0.0227101249048159	0	0.659110956794888	0	0	0	0	0
spot_229	0	0.00875342994660837	0	0	0	0.991246570053392	0	0	0	0	0
spot_230	0	0	0	0.241193360190916	0.00856619596836914	0.0382517674437458	0.28705034762168	0.385480067915285	0	0.0394582608600041	0
spot_231	0	0.677369467308117	0.322630532691883	0	0	0	0	0	0	0	0
spot_232	0	0	0.00297524292326863	0.0528564893101308	0.00781883943173458	0.0830705403536872	0	0.24088647481247	0	0	0.612392413168709
spot_233	0	0	0	0	0.110439235821577	0.882732855869691	0	0.00682790830873151	0	0	0
spot_234	0	0.00647801108738419	0	0	0.881637660743316	0.0831046454494797	0	0.0287796827198201	0	0	0
spot_235	0.110325854203045	0.021298617227633	0.0360986323736908	0.00283746272983672	0	0	0	0.204943738596574	0	0.624495694869221	0
spot_236	0	0	0	0	0	0	0	0	1	0	0
spot_237	0	0	0	1	0	0	0	0	0	0	0
spot_238	0	0.331879769256617	0.668120230743383	0	0	0	0	0	0	0	0
spot_239	0.0937396457947355	0	0	0.000983734881417407	0.0082859103616116	0	0	0.0947186376336916	0	0.802272071328544	0
spot_240	0	0	0	0	0	1	0	0	0	0	0
spot_241	0	0.00782769052017576	0.00431793322002361	0.115869193345049	0	0.871985182914751	0	0	0	0	0
spot_242	0	0	0.00328669803173148	0	0.974784362208101	0	0	0	0	0.0082947500544358	0.0136341897057319
spot_243	0	0	0	0	0.0105689864385376	0	0	0.989431013561462	0	0	0
spot_244	0	0	0	0.986357413831556	0.0136425861684437	0	0	0	0	0	0
spot_245	0	0.866297088891138	0.133702911108862	0	0	0	0	0	0	0	0
spot_246	0	0.011408588363557	0.00300551369261526	0	0	0.985585897943828	0	0	0	0	0
spot_247	0	0	0	0.119015223850741	0	0.88098477614926	0	0	0	0	0
spot_248	0	0	0	0.753905878347517	0.246094121652483	0	0	0	0	0	0
spot_249	0	0	0	0.928696145225313	0.016611586065286	0	0	0.0480559598440733	0	0.00663630886532749	0
spot_250	0	0.00454832875724956	0.00119556071248841	0.0161513134370335	0	0.0045825235090416	0	0	0.973522273584187	0	0
spot_251	0.0114888503160845	0.00533728052201194	0	0	0.0728656076048974	0.00108789553929081	0	0.909220366017716	0	0	0
spot_252	0	0.0938658027091743	0.0102746443477895	0	0	0.0480457909779935	0	0	0.659846504439364	0.0468605714102927	0.141106686115385
spot_253	0	0	0	1	0	0	0	0	0	0	0
spot_254	0	0.0163639854048637	0.00161592566103605	0.155505678157162	0	0	0	0	0	0.715640536055933	0.110873874721005
spot_255	0	0.0468810838942216	0	0	0	0.953118916105778	0	0	0	0	0
spot_256	0	0	0.00250009297788841	0.0400389078670794	0	0.0291972950912398	0	0	0	0	0.928263704063792
spot_257	0.0494453991206947	0.0401376575884327	0.0264965826790827	0	0.0320269249542198	0.276039270165392	0.575854165492178	0	0	0	0
spot_258	0	0	0	0	0	0	0	1	0	0	0
spot_259	0	0	0	0	0.989471023814378	0	0	0	0	0.0105289761856223	0
spot_260	0	0	0	0.523602227101998	0.00109852606094901	0.475299246837053	0	0	0	0	0
spot_261	0	0	0.000293036197046088	0	0	0	0	0.999706963802954	0	0	0
spot_262	0	0	0	0	0	1	0	0	0	0	0
spot_263	0	0	0	0.987045139068776	0.0129548609312237	0	0	0	0	0	0
spot_264	0.0664082647810096	0.106193357515469	0.0893831525491167	0	0.243191523563736	0.484785071408847	0	0.00992572338364124	0	0	0.000112906798180503
spot_265	0	0.232055435503005	0.291005116402887	0	0.476939448094108	0	0	0	0	0	0
spot_266	0.197306264098898	0	0.0480168348668818	0	0	0.00527773543876331	0	0	0	0.025647640353006	0.72375152524245
spot_267	0	0.00331965918824193	0	0	0.0118446461136434	0	7.83084909765125e-05	0.868063704286908	0.11669368192023	0	0
spot_268	0	0.0779360253097252	0.539477213192801	0	0	0.382586761497473	0	0	0	0	0
spot_269	0	0.0361982647228712	0	0.00918369112780605	0.912553263769884	0.00062688893714338	0.0414378914422956	0	0	0	0
spot_270	0	0	0	0.108841437117771	0.82798588596271	0	0	0.034664942729616	0.0285077341899031	0	0
spot_271	0	0	0	0	0	1	0	0	0	0	0
spot_272	0	0	0	0.940928233364349	0.00602507601756836	0	0	0.0530466906180823	0	0	0
spot_273	0	0.0441521415010645	0	0	0	0	0	0	0	0.955847858498936	0
spot_274	0.0405821539466006	0.0211899031131741	0.0138859945676122	0	0	0.922952638208293	0	0	0	0.00138931016431981	0
spot_275	0.00551668214199677	0	3.06589312298572e-05	0.0548671381309909	0	0	0.793160803875757	0.146424716920025	0	0	0
spot_276	0	0	0	0	0	1	0	0	0	0	0
spot_277	0	0	0	0	0	1	0	0	0	0	0
spot_278	0.0025921100824048	0.0662569404711423	0.0328959727017522	0	0.48463506458518	0.145963509290695	0	0.0416168691456515	0	0.225171153874492	0.000868379848681803
spot_279	0	0.214949846428327	0.785050153571673	0	0	0	0	0	0	0	0
spot_280	0	0	0	0.807707076360375	0.0039272756589214	0	0	0.0302460658458917	0.152659124900771	0.00546045723404056	0
spot_281	0.0924988433981753	0.0769848100544929	0	0	0	0.818511446733929	0	0	0.0120048998134031	0	0
spot_282	0.272879022284535	0.10087765874509	0.0635635127623362	0	0.517928215815368	0	0	0	0	0.0447515903926709	0
spot_283	0.0244785106597152	0.0223075593314497	0	0	0.564678303181914	0.388535626826921	0	0	0	0	0
spot_284	0	0	0	0	0	1	0	0	0	0	0
spot_285	0	0	0	0	0	0.979740673970881	0	0	0.0104527982373573	0.00980652779176099	0
spot_286	0	0.0336549441545375	0.0102672322607174	0.0953413582915784	0.824442177579501	0	0.0362942877136654	0	0	0	0
spot_287	0	0.0279439205959609	0	0	0	0.0620361670127536	0	0.910019912391285	0	0	0
spot_288	0.00606652469628718	0.467750418643898	0.526142082692297	0	0	0	0	4.09739675178128e-05	0	0	0
spot_289	0	0.0266878212623356	0.013222997142389	0	0	0.959884358645942	0	0	0.000204822949333201	0	0
spot_290	0.00732444778389791	0.00610340008612955	0	0	0.745841436905423	0.0416353419042162	0	0.174886590349637	0.0242087829706963	0	0
spot_291	0	0	0	0.164911299204648	0	0.835088700795351	0	0	0	0	0
spot_292	0	0	0	1	0	0	0	0	0	0	0
spot_293	0	0.302680398702356	0.399056697388089	0	0	0.298262903909556	0	0	0	0	0
spot_294	0	0.829566106591025	0.170433893408975	0	0	0	0	0	0	0	0
spot_295	0.190962758149247	0.200823544961346	0.608213696889408	0	0	0	0	0	0	0	0
spot_296	0	0.00417702804356483	0	0	0.0143460043500026	0.975290790550144	0	0.00272241066622952	0	0	0.00346376639005923
spot_297	0.036413269846962	0.441728144919245	0.521858585233793	0	0	0	0	0	0	0	0
spot_298	0	0	0	0	0.0232624132843517	0.871902487078203	0	0.0895274467488346	0	0.0153076528886106	0
spot_299	0	0.00255021672370535	0.00194854566593129	0	0.995501237610364	0	0	0	0	0	0
spot_300	0	0.00774661861387219	0.0389995741610783	0	0	0.95325380722505	0	0	0	0	0
spot_301	0	0.00579934804402375	0	0	0	0.132396212886618	0	0	0	0.861804439069358	0
spot_302	0.00217688881101289	0	0	0	0	0.997823111188988	0	0	0	0	0
spot_303	0	0.668005608932402	0.331994391067598	0	0	0	0	0	0	0	0
spot_304	0	0.0235735743076415	0.000189819326109502	0	0.0635387090906366	0	0	0	0.0515275356920439	0.861170361583568	0
spot_305	0	0.544391035570656	0.214829012402652	0	0	0.240779952026691	0	0	0	0	0
spot_306	0.475163867957808	0.121564598426138	0.0378589482540503	0	0.341266803538695	0	0	0.0241457818233088	0	0	0
spot_307	0	0.0208648728639556	0	0	0	0.0188012619171361	0	0	0	0.960333865218908	0
spot_308	0.0043752632324072	0.463351904236933	0.179838553258846	0	0	0.352434279271813	0	0	0	0	0
spot_309	0	0.00102562235803129	0	0.01694438997351	0.982029987668459	0	0	0	0	0	0
spot_310	0	0.00200212680825846	0	0.841996236344446	0	0.0234939480023404	0	0.132507688844955	0	0	0
spot_311	0	0	0	0	0	0.00139382463471394	0	0	0.998606175365286	0	0
spot_312	0	0	0	0	1	0	0	0	0	0	0
spot_313	0	0.228530940243364	0.0378425379839564	0	0.0697574250937497	0.66386909667893	0	0	0	0	0
spot_314	0	0.566206303524364	0.196713550609678	0	0	0.237080145865958	0	0	0	0	0
spot_315	0.00754485500703993	0.0254298656549846	0.0100495204724724	0	0.956975758865503	0	0	0	0	0	0
spot_316	0.00961809761171654	0.64051212664364	0.310989356826548	0	0	0.0388804189180947	0	0	0	0	0
spot_317	0	0	0	0	0.978556177650198	0	0	0	0	0.0214438223498017	0
spot_318	0	0.126153598680486	0.0337730523614523	0	0	0.840073348958062	0	0	0	0	0
spot_319	0.647122731115766	0.00501316275871953	0	0	0	0.347864106125514	0	0	0	0	0
spot_320	0	0	0	0	1	0	0	0	0	0	0
spot_321	0.00267127659802213	0.0350126621024243	0.0982249730602208	0	0.0229776912740511	0.824241873702882	0	0	0.0168715232623993	0	0
spot_322	0	0.505515012269518	0.494484987730482	0	0	0	0	0	0	0	0
spot_323	0	0.114816688008896	0.00824533735993383	0	0	0	0	0	0.87693797463117	0	0
spot_324	0	0.0142262300228766	0	0	0	0	0	0	0	0.0915308387593392	0.894242931217784
spot_325	0.443366241486572	0.222258543012096	0.334375215501331	0	0	0	0	0	0	0	0
spot_326	0	0.0222921968220914	0	0	0.0407936600643769	0.936914143113532	0	0	0	0	0
spot_327	0	0	0.00259292720912188	0.020928474919256	0.119910374631998	0	0	0	0.856568223239625	0	0
spot_328	0	0	0	0	0	1	0	0	0	0	0
spot_329	0	0.00528831044637434	0	0	0	0.83373784415623	0	0.160973845397396	0	0	0
spot_330	0	0.122214621191732	0.071297826045935	0	0.490454502637776	0.228342219792375	0	0.00407408059170122	0	0.0836167497404813	0
spot_331	0	0	0	0	0	0	0	0	0	1	0
spot_332	0	0.00674972495842388	0.821720510921604	0	0	0.0429537004156337	0	0	0	0	0.128576063704338
spot_333	0.354858139629464	0.280305468519449	0.0974909775437175	0	0	0.119754242460366	0	0	0	0	0.147591171847004
spot_334	0	0.000933012027007875	0.000466510082520789	0	0	0.100202876669297	0.880019686876956	0.0183779143442193	0	0	0
spot_335	0	0	0	0	0	0.807547951154137	0	0.192452048845863	0	0	0
spot_336	0	0.0369443432350451	0.262170669738543	0	0.0620335466310733	0.0782382630556137	0	0.404176486504709	0	0	0.156436690835016
spot_337	0	0	0	0	0	0	0.0803131106006768	0.919686889399323	0	0	0
spot_338	0	0.00152762553430399	0	0.239491921925177	0	0.758980452540518	0	0	0	0	0
spot_339	0	0	0	0	0.821451752023658	0.178548247976341	0	0	0	0	0
spot_340	0	0	0	0	0	1	0	0	0	0	0
spot_341	0	0	0	0	0.012720452490133	0	0	0.987279547509867	0	0	0
spot_342	0	0.00944195404296789	0	0	0	0.988154315225572	0	0	0	0	0.00240373073146024
spot_343	0.00105311882850183	0	0	0	0	0.998946881171498	0	0	0	0	0
spot_344	0	0.0015599929396121	0.000780431426646622	0	0	0	0	0.997659575633741	0	0	0
spot_345	0.0628636069033238	0	0.00166683048209072	0	0	0.861286256240082	0	0	0.00448385925456244	0.0696994471199413	0
spot_346	0	0	0	0	0	1	0	0	0	0	0
spot_347	0	0.000411248398143613	0	0	0	0	0	0	0.999588751601856	0	0
spot_348	0	0	0	0	0.780795078314497	0	0	0	0.219204921685503	0	0
spot_349	0	0.0250124726428025	0	0	0	0.96622357825747	0	0.00876394909972668	0	0	0
spot_350	0	0	0.143949410997609	0	0.853685139561296	0	0	0	0	0.00236544944109423	0
spot_351	0	0.0520726699139022	0	0	0	0	0	0	0	0.947927330086098	0
spot_352	0	0	0	0	0	0	0	1	0	0	0
spot_353	0.0178757839725187	0.28932541931455	0.0670596403513407	0	0	0.625290653934827	0	0	0	0.000448502426763729	0
spot_354	0	0	0	0	0.00406520420233235	0.995934795797667	0	0	0	0	0
spot_355	0.00545183070967702	0.00533944859182121	0.0247118921855911	0	0.0801140911462297	0	0	0.878471947366982	0	0.00591078999969961	0
spot_356	0	0	0	0	0	1	0	0	0	0	0
spot_357	0	0	0	0	0	0.965162902016089	0	0	0	0.0348370979839109	0
spot_358	0	0	0	0	1	0	0	0	0	0	0
spot_359	0	0.219856282396861	0.22658300835475	0.0203383915334549	0.0182791073675721	0.461083242063896	0	0	0.00648160781749987	0	0.0473783604659659
spot_360	0.015517789496936	0.00323924453331811	0.00338639354909171	0.00379246989014899	0	0	0.974064102530506	0	0	0	0
spot_361	0	0	0	0	0.0094059256624255	0.983139884812664	0	0	0.00745418952491022	0	0
spot_362	0	0.0629760855978406	0.516595596137929	0	0	0.42042831826423	0	0	0	0	0
spot_363	0	0	0	0	0	0.999227823932381	0	0	0	0.000772176067619341	0
spot_364	0	0	0	0	0	0	0	0	0	1	0
spot_365	0	0.0235382902284902	0	0.0431038007532854	0	0	0	0	0	0.757910174262074	0.17544773475615
spot_366	0	0	0	0	0	0	0	1	0	0	0
spot_367	0	0.0305952844894649	0.256101454695287	0	0	0.704437299463018	0	0	0.00886596135222972	0	0
spot_368	0	0	0.00387514342101442	0	0.996124856578985	0	0	0	0	0	0
spot_369	0	0	0	0	1	0	0	0	0	0	0
spot_370	0	0.0198522375998664	0.0192385431272754	0	0	0.288353682419941	0	0.672555536852917	0	0	0
spot_371	0.00490147931372902	0.00936627043677927	0	0	0.0400189531454438	0	0	0	0	0.945713297104048	0
spot_372	0.203204766196246	0	0	0.00100132490914389	0	0.360477203492871	0	0.435316705401739	0	0	0
spot_373	0.00869358881434474	0.0312936711919005	0.0109666791551968	0	0.00577451474969132	0	0	0	0	0.943271546088866	0
spot_374	0	0	0	0.7865965258897	0.155577271834926	0.0578262022753735	0	0	0	0	0
spot_375	0.00673241221187834	0	5.84523779537813e-06	0	0	0.938018218925064	0	0.0335065075265384	0	0.0217370160987241	0
spot_376	0	0	0	0	0.989134819727317	0	0	0	0	0.0108651802726825	0
spot_377	0	0.550557113281955	0.449442886718045	0	0	0	0	0	0	0	0
spot_378	0	0	0.000107330413284209	0	0	0.999892669586715	0	0	0	0	0
spot_379	0.00785509410767177	0.00364834032710351	0	0	0.987729040260624	0.000767525304600558	0	0	0	0	0
spot_380	0	0.410351340723538	0.0433285419529864	0	0	0.142042700855036	0	0	0	0.404277416468439	0
spot_381	0	0	0	0	0	0.99878245474132	0	0	0	0.00121754525868034	0
spot_382	0	0.0106891270493867	0	0	0	0	0	0.0300154593023999	0	0.903832967686894	0.055462445961319
spot_383	0.0103422738065771	0.00330593418304999	0	0.130522856260419	0	0.855828935749954	0	0	0	0	0
spot_384	0.240291601412103	0.00216562178637181	0.162744242503536	0.340914298790934	0	0.253884235507056	0	0	0	0	0
spot_385	0	0	0	0	0.512237602342474	0.224728599585065	0	0	0.263033798072461	0	0
spot_386	0	0.000776113307025471	0.000540044177146983	0	0.0892836498178278	0.909400192697999	0	0	0	0	0
spot_387	0.0629188250682995	0.401238445876137	0.32504627231579	0	0.0862057506301387	0	0	0	0	0.121543735315847	0.00304697079378697
spot_388	0	0	0	0	0	0	0	1	0	0	0
spot_389	0.00212313571230717	0.00259807028172061	0	0	0	0.740002587760523	0	0	0	0.255276206245449	0
spot_390	0	0	0	0	0	0.99797168413429	0	0	0.00202831586570967	0	0
spot_391	0	0.00380458297067246	0	0	0.0496202274467372	0.024569676693352	0	0.0600496592824626	0.827567667689535	0.0343881859172406	0
spot_392	0	0	0	0	1	0	0	0	0	0	0
spot_393	0	0	0	1	0	0	0	0	0	0	0
spot_394	0.00265645237106607	0	0	0.0088732102809627	0	0.00398703681155426	0	0.984483300536417	0	0	0
spot_395	0.805792739765971	0.0965049162547339	0.0106826558997817	0	0	0.0805063749826745	0	0	0	0	0.00651331309683799
spot_396	0.966004893509477	0.000964189387206069	0	0.00727415814406003	0	0.0257567589592565	0	0	0	0	0
spot_397	0	0.00151227409617076	0	0.0187365319400475	0	0.979751193963781	0	0	0	0	0
spot_398	0	0.000455513837334052	0	0	0	0	0.00225344214135785	0.92902052490371	0	0.0682705191175982	0
spot_399	0	0.00154811432193644	0	0	0	0	0	0	0	0.998451885678064	0
spot_400	0.00124870568093243	0.00306823663510406	0	0	0.0943558713810929	0.336446158953833	0	0	0	0.564881027349038	0
spot_401	0	0	0	0	0	1	0	0	0	0	0
spot_402	0.0297843345048098	0	0	0	0	0	0	0.97021566549519	0	0	0
spot_403	0	0	0	0	0	0	0	0	0	1	0
spot_404	0.366123998017027	0.134027459682583	0.0367130247559221	0.237639150817819	0	0	0	0.0587127501552824	0.0894185803806973	0.0773650361906686	0
spot_405	0	0	0	1	0	0	0	0	0	0	0
spot_406	0	0.00239756114669267	0	0	0.983233066952533	0.0143693719007745	0	0	0	0	0
spot_407	0.7400769283714	0.18808604713609	0.071837024492511	0	0	0	0	0	0	0	0
spot_408	0	0	0	0	1	0	0	0	0	0	0
spot_409	0.114807622424895	0.0154617766482901	0	0	0	0	0	0.869730600926815	0	0	0
spot_410	0.0144724353658381	0	0.000100647302253837	0	0.350224053025611	0	0	0	0	0.632880840861761	0.0023220234445357
spot_411	0	0	0	1	0	0	0	0	0	0	0
spot_412	0	0	0.0407476911121032	0	0.0489049255172293	0	0	0.844193802138171	0.0552631779502915	0.010890403282206	0
spot_413	0	0	0.000457943801330649	0	0.0837939958282288	0.745607992545417	0	0	0.00351803505383199	0.166622032771192	0
spot_414	0	0.0875797028539984	0.154865367550774	0	0	0.594615593832314	0	0	0.162939335762913	0	0
spot_415	0	0.00146964079211433	0.0455835194019411	0	0.952946839805945	0	0	0	0	0	0
spot_416	0	0	0	0	1	0	0	0	0	0	0
spot_417	0.010378907351384	0.00312393093491269	0	0.410787790856078	0	0.575709370857625	0	0	0	0	0
spot_418	0	0.0346837438098119	0.00587595522493636	0	0	0.947093701366654	0	0	0	0.0123465995985977	0
spot_419	0.00233536364058512	0.0288343271222505	0.00938839511008503	0	0.0503652012998695	0	0	0	0	0.904759918950698	0.00431679387651121
spot_420	0	0	0	1	0	0	0	0	0	0	0
spot_421	0	0	0	0	0.00851240597534397	0	0	0.991487594024657	0	0	0
spot_422	0	0	0	0	0	0	0	0	1	0	0
spot_423	0	0.00103634227739372	0	0.000337007236845822	0	0.976566808534755	0.012706051256504	0.00766076692741032	0.00169302376709045	0	0
spot_424	0	0	0	1	0	0	0	0	0	0	0
spot_425	0	0	0	0	0	0.00116408721992434	0	0	0.998835912780075	0	0
spot_426	0	0.0637047075164947	0.915483236409793	0	0	0	0	0	0	0	0.0208120560737119
spot_427	0	0	0	0	0	1	0	0	0	0	0
spot_428	0	0	0	0	0.0480640132897559	0	0	0.951935986710244	0	0	0
spot_429	0	0	0	0	0	0	0	1	0	0	0
spot_430	0	0.0121517054987735	0	0.393739479412684	0	0.0340905852987933	0.0629335948495501	0.497084634940199	0	0	0
spot_431	0.801176037509527	0.100102153414334	0.0987218090761388	0	0	0	0	0	0	0	0
spot_432	0	0.426681501683116	0.169763885533871	0	0	0.403554612783013	0	0	0	0	0
spot_433	0	0	0	0	0	0.969087953540841	0	0.007490891729355	0.0234211547298028	0	0
spot_434	0	0.0458950789274832	0.0232563347792216	0	0.259094284569195	0.204528277300272	0	0	0	0	0.467226024423828
spot_435	0	0.382737595903943	0.593430844620718	0.0238315594753398	0	0	0	0	0	0	0
spot_436	0.00579169201980247	0.0205691554541425	0.00319874014006044	0	0	0.95331176059341	0	0	0.0171286517925847	0	0
spot_437	0.00593291475329112	0.230728049024215	0.186853065474779	0	0	0.576485970747715	0	0	0	0	0
spot_438	0	0	3.68356779357078e-05	0	0.017470002477842	0	0	0	0.982493161844222	0	0
spot_439	0	0	0.00321115486434417	0.515074969178513	0	0	0	0	0.0987520093612785	0	0.382961866595864
spot_440	0	0	0	0.903667998379153	0.0963320016208467	0	0	0	0	0	0
spot_441	0	0.00163061230842389	0	0	0.998369387691576	0	0	0	0	0	0
spot_442	0	0.00357693718719303	0	0	0	0	0	0.996423062812807	0	0	0
spot_443	0	0	0	0	0	0.996217005258168	0	0	0	0.00378299474183111	0
spot_444	0	0	0	0.00252828325789273	0.610383998526221	0.0407467980263674	0	0	0.346340920189518	0	0
spot_445	0	0	0	1	0	0	0	0	0	0	0
spot_446	0	0.510555489617276	0.0342764612257623	0	0	0.0772117286170203	0	0	0	0.377956320539941	0
spot_447	0	0.000649232488881067	0	0.572593870458408	0	0.426756897052711	0	0	0	0	0
spot_448	0	0.0817923443726903	0.0278107194112999	0	0.890396936216009	0	0	0	0	0	0
spot_449	0	0	0	0	0.0180543574154019	0.977950175322321	0	0.000616465078844513	0.00108049556772717	0.00229850661570567	0
spot_450	0	0	0	0	0	0.00396081312558085	0	0	0.996039186874419	0	0
spot_451	0.463222489248034	0.123221208983977	0	0	0.413556301767989	0	0	0	0	0	0
spot_452	0	0.240637545998289	0.758741279183282	0	0	0	0	0	0	0	0.000621174818428854
spot_453	0	0.0530937538805838	0.299445564699078	0	0	0	0	0.00344747280068393	0	0	0.644013208619654
spot_454	0.000836735004483363	0	0	0	0	0.963653998016063	0	0	0	0.0355092669794535	0
spot_455	0	0	0	0	0	1	0	0	0	0	0
spot_456	0	0	0	0	0.884677545606501	0.115322454393499	0	0	0	0	0
spot_457	0	0	0	0	0.0063938935930128	0.0211882442555233	0	0	0.972417862151464	0	0
spot_458	0	0	0	0	0	0	0	1	0	0	0
spot_459	0	0	0	0.011176225658518	0	0.988823774341482	0	0	0	0	0
spot_460	0	0.0507963766500617	0.226526663363518	0	0	0.719904307231457	0	0.00277265275496336	0	0	0
spot_461	0	0.0613371744687889	0	0	0.0396467105899711	0.520393169157276	0	0.377244171816584	0	0	0.00137877396738079
spot_462	0.414231635611001	0.156766311531073	0.0169949265129338	0	0	0.393318973250178	0	0.0103480612916701	0	0.00834009180314499	0
spot_463	0	0.152636756521737	0.0261695644026809	0	0	0	0.000150509091112552	0.82104316998447	0	0	0
spot_464	0	0	0.00970115735727197	0	0.817874558832289	0	0	0	0.172424283810439	0	0
spot_465	0	0.0184277751812823	0.0200703321937672	0.00355449498861795	0.260348904127924	0	0	0.537150306517178	0	0.160448186991231	0
spot_466	0	0	0	0.342450928020207	0.657153057509112	0.000396014470681323	0	0	0	0	0
spot_467	0	0.094545106224914	0.0635407416229473	0.0025678782634095	0	0.0684552055127866	0	0	0.148173616509598	0.0367800556770889	0.585937396189255
spot_468	0	0	0	0	0	1	0	0	0	0	0
spot_469	0	0.0702100112403018	0.0410714348961369	0	0.0701249190628929	0	0	0.818593634800669	0	0	0
spot_470	0	0	0	0	1	0	0	0	0	0	0
spot_471	0	0.0216999137162574	0.0362714110678861	0	0	0.942028675215857	0	0	0	0	0
spot_472	0	0.000156729080307816	0	0	0.0016624291794719	0.998180841740221	0	0	0	0	0
spot_473	0	0	0	0	0.651188121121233	0.348811878878767	0	0	0	0	0
spot_474	0	0	0	0	0	0	0	0.879222287366081	0	0	0.120777712633918
spot_475	0	0.00425457147856222	0.00804012960497565	0.0110032970349449	0.707150344948359	0.000381657416986717	0	0	0.268572981189309	0	0.000597018326862262
spot_476	0	0	0	0	0.00812318301469925	0	0	0.991876816985301	0	0	0
spot_477	0	0.914262562773506	0.0651973443206692	0	0	0.0205400929058246	0	0	0	0	0
spot_478	0	0.247604874306747	0.125400030727681	0	0	0.626995094965572	0	0	0	0	0
spot_479	0	0.414610350304218	0.288265889219023	0	0.29712376047676	0	0	0	0	0	0
spot_480	0	0.0459504046134067	0.944424876506945	0	0	0	0	0	0	0	0.00962471887964765
spot_481	0.00476250671856127	0	0.000589748985607983	0.375449371503369	0.000339846026946962	0	0	0.618858526765515	0	0	0
spot_482	0	0.00635113557125648	0	0	0	0.141204284780087	0	0.852444579648657	0	0	0
spot_483	0.0764791605691166	0	0	0	0	0	0	0.923520839430884	0	0	0
spot_484	0	0.172578597122697	0.00915017194601814	0.818271230931285	0	0	0	0	0	0	0
spot_485	0	0.0119401547868313	0	0.918898091872918	0	0.0691617533402503	0	0	0	0	0
spot_486	0	0.0125716678187739	0	0	0	0.987428332181226	0	0	0	0	0
spot_487	0.00073674574844725	0	0	0.893620236874551	0	0	0	0.105643017377002	0	0	0
spot_488	0	0	0	0	0	1	0	0	0	0	0
spot_489	0	0	0	0	0.759823765432558	0.240176234567442	0	0	0	0	0
spot_490	0	0.281910008995537	0.00605460361424451	0	0	0.712035387390218	0	0	0	0	0
spot_491	0	0	0	0	0.000157761140093865	0.999842238859906	0	0	0	0	0
spot_492	0	0.014519060562516	0.000553622647617463	0	0	0.983471047759445	0	0	0	0.0014562690304215	0
spot_493	0	0	0	0.853256522732575	0.146743477267425	0	0	0	0	0	0
spot_494	0.0141786690027508	0.000661662772429281	2.90809774602053e-05	0.00787396384691118	0	0.052610700723801	0.902768014819144	0.0218779078575039	0	0	0
spot_495	0	0.0267441871957974	0	0.00258326943485612	0.0912208585769443	0	0	0.863067580583941	0	0.016384104208461	0
spot_496	0	0.0952672372213601	0.0277806601941308	0	0.202354734477505	0.0555379707352945	0	0	0.00124388528618176	0.596296937594257	0.0215185744912714
spot_497	0	0.108020506213115	0.0173777897332203	0.702009650568178	0.0209453135056333	0	0	0	0.0831684396228868	0.0684783003569669	0
spot_498	0	0.0216685056577562	0	0.00585241072620045	0	0.68246604849774	0	0.00405887546240343	0.277514444014022	0	0.00843971564187889
spot_499	0	0	0	0	0.466495815126254	0	0	0	0	0.382593386005095	0.150910798868651
spot_500	0	0	0	0	0.995767990202121	0	0	0	0	0.00277269468116747	0.00145931511671202
spot_501	0	0	0	0	0.0004471602705989	0.999552839729401	0	0	0	0	0
spot_502	0.00640199057876771	0.0393430712820068	0.0289664995387045	0	0	0.882242856230362	0	0	0	0.0430455823701584	0
spot_503	0	0.000763672819235954	0	0	0	0	0	0.939148652905667	0	0	0.0600876742750972
spot_504	0.00167245700278279	0.00477902577661716	0.00818293194591225	0	0	0.985365585274688	0	0	0	0	0
spot_505	0.0875639133410006	0.125501496491785	0.0187493973255951	0	0	0.76818519284162	0	0	0	0	0
spot_506	0	0	0.00230780308218924	0.774092866504937	0	0	0	0.219801359666847	0	0	0.00379797074602596
spot_507	0.000369777876518311	0.0164638452187317	0	0	0.00886156375037144	0.974304813154379	0	0	0	0	0
spot_508	0	0.0236689249913861	0.104958736829778	0.869754144087029	0	0	0	0	0	0.00161819409180711	0
spot_509	0	0.0135290144385754	1.73199358986312e-05	0	0	0	0	0	0.986453665625526	0	0
spot_510	0	0	0	0	0	1	0	0	0	0	0
spot_511	0.0788641945319597	0.00247758251794651	0	0	0.0207057796350526	0	0	0.302300459267986	0	0.587095047430409	0.00855693661664627
spot_512	0.0360543125704468	0.0148206349163564	0.00766907604418021	0	0.869589466647009	0	0	0	0.0496930642864919	0.0221734455355159	0
spot_513	0	0	0	0	0.729881168211381	0.0190579006095767	0	0	0	0	0.251060931179043
spot_514	0	0.00792049938187603	0.0993149184716525	0.0284627677137181	0.0423248439830605	0.020631275152609	0	0.798987548011672	0	0	0.00235814728541167
spot_515	0.000885772111344064	0.000411259236589331	0	0	0.975172045538101	0.0235309231139659	0	0	0	0	0
spot_516	0	0.515099088578812	0.173854471999648	0	0	0.307414727116717	0	0	0	0.00363171230482273	0
spot_517	0	0.210062902676326	0.367497359945239	0	0	0.422439737378435	0	0	0	0	0
spot_518	0	0.00151460092903142	0	0.000158043979838798	0	0.998327355091129	0	0	0	0	0
spot_519	0	0.00902571549914187	0.0248991132974497	0	0	0.0179265372198977	0	0	0	0	0.948148633983511
spot_520	0	0.00049317436883008	0	0	0	0.989325656486051	0	0	0	0.0101811691451188	0
spot_521	0	0	0	0	0.337496490066477	0.00143399594485272	0	0.661069513988671	0	0	0
spot_522	0	0	0	0.237453721444084	0.1809929129081	0.0168296986228345	0	0	0.564723667024982	0	0
spot_523	0	0	0	0.973640925721985	0.0263590742780151	0	0	0	0	0	0
spot_524	0	0.00297835902275014	0	0	0	0	0	0	0	0.99702164097725	0
spot_525	0	0	0	0	1	0	0	0	0	0	0
spot_526	0	0	0	0.00283335198403954	0.238299148716803	0.0231110903859533	0	0.00254939543407103	0.733207013479133	0	0
spot_527	0	0.0186044957215696	0	0.0417430613186042	0.0518844277827785	0.0112099664110502	0	0.800139468158908	0.0764185806070894	0	0
spot_528	0	0.0409718514810347	0.0109375535916109	0	0.685400820901399	0.25504933698004	0	0.00764043704591592	0	0	0
spot_529	0	0	0	0	0	1	0	0	0	0	0
spot_530	0.101706513346815	0.498264858545559	0.0135058880772008	0	0	0.386522740030426	0	0	0	0	0
spot_531	0.0136515722005264	0.0165073909036819	0.00825392063309779	0	0.0365014523989664	0.897241378802369	0	0	0.0278442850613578	0	0
spot_532	0	0.0778925778787445	0.0712387496079724	0	0.576833848549175	0.0149982961027456	0	0.25627567549693	0	0	0.00276085236443267
spot_533	0	0	0	0	0.426536337201629	0	0	0	0.573463662798371	0	0
spot_534	0	0.0165397623787186	0.0179662858207669	0.96428666564403	0	0	0	0	0	0.00120728615648528	0
spot_535	0.00375741283071542	0	0	0.000542041694934956	0	0.318606834462361	0	0.677093711011989	0	0	0
spot_536	0	0.628020761532856	0.366463300928005	0	0.00527380873115898	0.000242128807979468	0	0	0	0	0
spot_537	0	0	0	1	0	0	0	0	0	0	0
spot_538	0	0	0	0	0.981988855572353	0	0	0.0180111444276472	0	0	0
spot_539	0	0	0	0	0	0.999999999999999	0	0	0	0	0
spot_540	0	0	0	0	0	0	0	1	0	0	0
spot_541	0.000550247311780763	0.00929479238617613	0	0	0	0.43627329216234	0	0	0	0.553881668139703	0
spot_542	0.0194309823486681	0.0770266612810976	0.0507550498356954	0	0.447923034634554	0.372119348216372	0	0	0	0	0.0327449236836127
spot_543	0	0	0	0	1	0	0	0	0	0	0
spot_544	0	0	0	0	1	0	0	0	0	0	0
spot_545	0	0	0.043247298460765	0	0.886934757459747	0	0	0	0.0698179440794877	0	0
spot_546	0	0.0595310196245323	0.00512036811195116	0	0.063046210947389	0.869133584354688	0	0	0	0	0.00316881696143936
spot_547	0	0.105044755529168	0.0296788836791407	0.0228878628221789	0.801460491785824	0.00648464411943152	0	0	0.033975077095463	0	0.00046828496879393
spot_548	0	0.00577223418508347	0	0	0.0736706507838301	0.920557115031086	0	0	0	0	0
spot_549	0	0.00625249488554159	0	0	0	0.691036234434015	0	0	0	0.302711270680443	0
spot_550	0	0.00241609600367089	0	0	0.298125631045312	0.625181509253913	0	0	0	0.0742767636971044	0
spot_551	0	0.000334555783919189	0	0.668168518022573	0.121667928662233	0.0287249018841927	0	0.00826381604167731	0	0.136089141372811	0.0367511382325933
spot_552	0.0168275291086531	0.00781898275141446	0	0	0.0197526008939531	0	0	0.955600887245979	0	0	0
spot_553	0	0	0	0	0	1	0	0	0	0	0
spot_554	0	0.000891381036867925	0	0	0	0.00904021383275921	0	0	0.990068405130373	0	0
spot_555	0	0.000158490325701727	0	0	0.000239929625720979	0.999601580048577	0	0	0	0	0
spot_556	0.000795692435592924	0.00109347612794908	0	0	0.998110831436458	0	0	0	0	0	0
spot_557	0	0	0	0	0.0123253457683768	0.982290020518899	0	0	0	0	0.00538463371272331
spot_558	0	0	0	0	1	0	0	0	0	0	0
spot_559	0	0.077873212617136	0.0125305758572155	0.0141825836343589	0	0	0	0	0.820753693623066	0	0.0746599342682236
spot_560	0	0	0	0	0	1	0	0	0	0	0
spot_561	0	0.127637491066199	0.0610368385030328	0	0.762879948579612	0.0484457218511561	0	0	0	0	0
spot_562	0	0.0282222711524725	0.00444651835691372	0	0.00118904074159177	0.955363005717406	0	0	0	0.0107791640316156	0
spot_563	0	0	0	0	0	0	0	1	0	0	0
spot_564	0	0	0	0	0	1	0	0	0	0	0
spot_565	0.0206755246894228	0	0	0.949580036407403	0	0.0143184280908452	0	0.0154260108123283	0	0	0
spot_566	0	0.376674868270569	0.00920295122925877	0	0	0	0	0	0	0.614122180500172	0
spot_567	0	0.190390227429757	0.809609772570243	0	0	0	0	0	0	0	0
spot_568	0.533602965910698	0.0426277210067997	0.00172729068975554	0	0	0	0	0.422042022392747	0	0	0
spot_569	0	0.157215750743032	0.834488321308094	0	0.00829592794887403	0	0	0	0	0	0
spot_570	0	0.112896658461838	0.148648673623752	0	0.141803384279198	0.229418424547351	0	0.361233337073814	0	0	0.00599952201404642
spot_571	0	0.00102465385330589	0	0.273165887967616	0	0.711410245816785	0	0	0	0	0.0143992123622934
spot_572	9.03852081658938e-05	0	0	0.995138439396927	0	0	0	0.00477117539490641	0	0	0
spot_573	0	0	0	0	0.948386928233402	0.0516130717665983	0	0	0	0	0
spot_574	0.00711523769707707	0	0.012115639981453	0.0547590209775191	0.00332806141962128	0.0106960450500769	0	0.897230310624893	0	0.0147556842493608	0
spot_575	0	0	0	0	0	0	0	0	1	0	0
spot_576	0.58004812762142	0.0785138216438337	0.0622853795640303	0	0.268375262992573	0.0107774081781434	0	0	0	0	0
spot_577	0.532229486738699	0	0	0	0	0	0	0	0.0279857540036617	0.422803405869246	0.0169813533883927
spot_578	0.0329369369228748	0.0568195203850894	0.0067215639001267	0	0	0.89952103974895	0	0	0.000368108180153074	0.00363283086280511	0
spot_579	0	0	0	0	0	0.893661750458671	0	0	0	0	0.106338249541329
spot_580	0	0	0	0	0.531779228009968	0	0	0.468220771990032	0	0	0
spot_581	0	0.000141371336723986	0	0	0	0	0	0	0.999858628663276	0	0
spot_582	0.833352185488121	0.00081396154348887	0	0	0.018687397656447	0.147146455311943	0	0	0	0	0
spot_583	0	0.00700003242773915	0.0035001905536359	0	0	0.989499777018625	0	0	0	0	0
spot_584	0	0.000146556212272838	0	3.35828042555124e-05	0	0	0	0.878055210022438	0	0.121764650961034	0
spot_585	0	0.00211846760288904	0	0	0	0.0183785542336644	0	0	0	0.148735486453136	0.830767491710311
spot_586	0	0.0270438283100368	0.0400878238403737	0	0	0.776952808801863	0	0	0	0.0131427249728603	0.142772814074866
spot_587	0	0	0	0	0.999218284705216	0	0	0	0.00078171529478432	0	0
spot_588	0	0.00594486860554466	0.000253090701800945	0	0	0.597216133656934	0	0	0.00292837548534179	0.393657531550379	0
spot_589	0	0.00863355676474536	0.0516261148803955	0.620038936176995	0.159962019806258	0.147561044735463	0	0.0119998764902949	0	0	0.000178451145847529
spot_590	0.00120829624502766	0.00880540285686426	0.00440305981939532	0	0	0.985583241078713	0	0	0	0	0
spot_591	0	0	0	0	0	0	0	1	0	0	0
spot_592	0	0.0402203374390054	0	0	0	0.894128981062925	0.0656506814980685	0	0	0	0
spot_593	0.0475915914759551	0.100008165578066	0.852400242945979	0	0	0	0	0	0	0	0
spot_594	0	0	0.0808501025528046	0	0.406915737959462	0	0	0.512234159487733	0	0	0
spot_595	0	0	0	0	0.0199509182067451	0.112578588770415	0	0.00706708182591961	0.00540630751461445	0	0.854997103682306
spot_596	0	0.00686130869390141	0	0	0	0.993138691306099	0	0	0	0	0
spot_597	0	0	0	0	0	0	0	1	0	0	0
spot_598	0	0	0	0.957440781198225	0.0425592188017754	0	0	0	0	0	0
spot_599	0.000120773049808562	0.000166047877226465	0	0	0.999713179072965	0	0	0	0	0	0
spot_600	0.269806752939503	0.00678479644979981	0	0	0	0	0	0.439284754429449	0	0.225763116122714	0.0583605800585342
spot_601	0	0.000850731415026732	0.0652611453836486	0	0.232583649068935	0	0	0.63117498837609	0	0.0701294857562998	0
spot_602	0	0.031174971041646	0.0300615133128206	0.938763515645533	0	0	0	0	0	0	0
spot_603	0	0.0274154342001444	0.00567023171635099	0	0	0.918424137891645	0	0	0	0	0.0484901961918595
spot_604	0	0	0	0	0.0489550671648008	0	0	0.951044932835199	0	0	0
spot_605	0	0	0	0.678720298337878	0	0.321279701662122	0	0	0	0	0
spot_606	0	0.0707047131677622	0.554771701825337	0	0	0.374523585006901	0	0	0	0	0
spot_607	0	0.495208841483858	0.504791158516142	0	0	0	0	0	0	0	0
spot_608	0	0.00828548805437032	0.00498140191768067	0	0.975743240949445	0	0	0	0	0.0109898690785039	0
spot_609	0.102708672254241	0.0981862010389369	0.0275988107768408	0	0	0.771506315929982	0	0	0	0	0
spot_610	0	0.023010617740304	0	0	0	0.976331422723588	0	0.000235000285946091	0	0.000422959250161939	0
spot_611	0	0	0	0	0	0	0.00149991728894183	0.998500082711059	0	0	0
spot_612	0.0198651020377565	0.0122813448369309	0.112187063987113	0	0.398283747890931	0	0	0.414347313680781	0.0418462434823161	0	0.00118918408417136
spot_613	0.611412516421011	0.128945006575802	0.0572982130157905	0.0191131079087763	0	0.172282296109511	0	0	0.0109488599691087	0	0
spot_614	0	0.883717877495854	0.116282122504146	0	0	0	0	0	0	0	0
spot_615	0	0.0341878643237764	0.015570166988278	0	0	0.950241968687945	0	0	0	0	0
spot_616	0	0.00948214768331767	0.00604185588926528	0.0616260636541005	0.872796958025227	0.044377458553704	0	0	0.00567551619438507	0	0
spot_617	0.108454380050682	0.0175015264544211	0.102202839600599	0	0.0759401737576595	0	0	0.622977428165307	0	0.0729236519713316	0
spot_618	0	0.142582511765251	0.338639446285781	0	0	0.518778041948968	0	0	0	0	0
spot_619	0	0.642238520272573	0.357761479727427	0	0	0	0	0	0	0	0
spot_620	0	0.0214911263027748	0	0.176789995618721	0.0686389839993586	0.733079894079146	0	0	0	0	0
spot_621	0.0203031767330339	0.0133604241793964	0.00308397698755765	0.00738758312210801	0	0.0433524011487877	0.888967687910292	0.0235447499188239	0	0	0
spot_622	0	0.00277805780301197	0.0117444413232905	0	0	0.984996504329389	0	0	0.000480996544308644	0	0
spot_623	0	0.373535908641951	0.480862790915213	0	0.0716691888214028	0.073432160906914	0	0	0	0	0.000499950714520294
spot_624	0	0	0	0	0	0.999619423507316	0	0.000380576492684105	0	0	0
spot_625	0	0	0	0	1	0	0	0	0	0	0
spot_626	0	0.000792517625873485	0.00110572459866494	0	0	0.998101757775462	0	0	0	0	0
spot_627	0.025485413966966	0.00628282987124737	0.00261396263939636	0	0	0.965617793522391	0	0	0	0	0
spot_628	0	0	0	1	0	0	0	0	0	0	0
spot_629	0.0271276641835465	0.000695707511182625	0	0	0	0.0409575871260672	0.0198746535781208	0.910414580788279	0	0.000929806812803884	0
spot_630	0	0.0086288488736875	0	0	0	0.989826031366319	0	0	0	0	0.00154511975999369
spot_631	0	0	0	0	1	0	0	0	0	0	0
spot_632	0	0.0192942525048722	0.0158281472546518	0	0	0.964877600240476	0	0	0	0	0
spot_633	0	0	0	0	1	0	0	0	0	0	0
spot_634	0	0	0	0	0	1	0	0	0	0	0
spot_635	0.320923311208387	0.00148507333357054	0	0.506904801899841	0	0.00142043404559901	0	0.0119088172119791	0	0.0930261256903197	0.0643314366103043
spot_636	0	0.0180089689330512	0.00190431770802049	0	0	0.979404382041601	0	0.000682331317327549	0	0	0
spot_637	0	0.0221214690952107	0	0	0.296729764214726	0.681148766690063	0	0	0	0	0
spot_638	0	0	0	0	0.99880163845727	0	0	0	0.00119836154273018	0	0
spot_639	0	0.00585569619843195	0.0107338027629679	0	0.0959302783801683	0.182940801919429	0	0.703742973639625	0	0	0.000796447099378051
spot_640	0	0.048327601848766	0.0142840623469707	0	0	0	0.00120905742071173	0.936179278383551	0	0	0
spot_641	0	0	0	0.00727891302444392	0.0546719323275376	0	0	0	0.938049154648018	0	0
spot_642	0.00316518770309855	0.00901586678994541	0.00688544049135356	0	0.974043200418031	0.00689030459757116	0	0	0	0	0
spot_643	0	7.22475768605023e-05	0	0.99992775242314	0	0	0	0	0	0	0
spot_644	0	0.075704805248847	0.514413944238799	0	0.409881250512354	0	0	0	0	0	0
spot_645	0.846456768437197	0.141799958894513	0.0117432726682901	0	0	0	0	0	0	0	0
spot_646	0	0.022565050422972	0.118201249606928	0	0	0.8592336999701	0	0	0	0	0
spot_647	0	0	0	0	1	0	0	0	0	0	0
spot_648	0	0.00706033444538621	0.00181656437803998	0.978870354066001	0	0.0122527471105735	0	0	0	0	0
spot_649	0	0.0615397010890916	0.0738732646925571	0	0	0.850098999737133	0	0	0	0.014488034481218	0
spot_650	0	0	0	0	0	0.999846687226942	0	0	0	0.000153312773058076	0
spot_651	0.191609560915815	0.410187947991964	0.389985569852536	0	0	0.00821692123968554	0	0	0	0	0
spot_652	0	0.0112344170302319	0	0	0.551555144968877	0.437210438000891	0	0	0	0	0
spot_653	0	0	0	0	0	0	0	0	0.381347826930918	0.618652173069082	0
spot_654	0.00185346711254718	0.0176513925523744	0	0	0.0587680673062921	0	0	0	0.0131988158141689	0.908528257214617	0
spot_655	0	0	0	0	0.974707319403836	0.0252926805961645	0	0	0	0	0
spot_656	0	0.138619358725101	0.861380641274899	0	0	0	0	0	0	0	0
spot_657	0	0	0	0.996923847245841	0	0.00307615275415863	0	0	0	0	0
spot_658	0	0.0261390466371301	0.717254776601853	0.0281911743596372	0	0.228415002401379	0	0	0	0	0
spot_659	0.0172087095181561	0.0559255138171805	0.0691653364509851	0	0	0.857700440213679	0	0	0	0	0
spot_660	0.30533225221955	0.00260295411024743	0	0.190580372278939	0	0	0	0.501484421391263	0	0	0
spot_661	0	0.00249405640208858	0.00124953208960669	8.12786927871283e-05	0	0	0	0.996175132815518	0	0	0
spot_662	0	0.000370097101069411	0.000185075754034873	0	0.00987125891060818	0	0.0113286620588927	0.978244906175395	0	0	0
spot_663	0.115669574832964	0.108337787690806	0.00367478484434375	0	0.0290228226023501	0	0	0	0	0.743295030029536	0
spot_664	0	0	0	0	0	0.762398219391168	0	0.0337779451207534	0	0	0.203823835488079
spot_665	0	0.125884588978404	0.0805734626253399	0	0.575565711034859	0.152664772995539	0	0.0124260574534658	0	0	0.0528854069123925
spot_666	0	0.0314332076539826	0	0	0.12183332635359	0.805436108070645	0	0	0	0	0.0412973579217818
spot_667	0	0.00155419606515963	0.000739082322319939	0	0	0	0	0.99770672161252	0	0	0
spot_668	0	0	0	0	0	0	0	0	0	1	0
spot_669	0.0356392142873209	0.0964317691485269	0.141920968506383	0.649549907417274	0.0764581406404951	0	0	0	0	0	0
spot_670	0	0	0	0	1	0	0	0	0	0	0
spot_671	0.111389921291344	0	0	0	0	0.520572557497997	0	0.368037521210659	0	0	0
spot_672	0	0.00878792959253134	0	0	0	0.991212070407469	0	0	0	0	0
spot_673	0	0	0	0	0	1	0	0	0	0	0
spot_674	0	0	0	0.999565869608366	0	0.000434130391634141	0	0	0	0	0
spot_675	0	0.00829992524017607	0	0.00484330751383558	0.00175960857912995	0.95739566760389	0	0	0.0194246400230182	0.00827685103995023	0
spot_676	0	0.091575538603486	0.00627802990832273	0	0	0	0	0	0.902146431488192	0	0
spot_677	0	0	0	1	0	0	0	0	0	0	0
spot_678	0	0.000843367285592171	0	0.0198676094334674	0.100225803996883	0.189172061704267	0	0.663624998722819	0.00327635648357648	0.0229898023733951	0
spot_679	0	0.00870629214639437	0	0	0	0.0242426304655056	0	0.9670510773881	0	0	0
spot_680	0	0.0168199640822951	0	0	0.0775491003615674	0.749694551027733	0	0	0	0	0.155936384528405
spot_681	0	0.00705860970150677	0	0	0.00508613415857079	0	0	0.0518234059922045	0.936031850147718	0	0
spot_682	0	0	0	0	1	0	0	0	0	0	0
spot_683	0	0	0	0.899968981604034	0.0639887132216948	0.0270888487487991	0	0	0.00895345642547289	0	0
spot_684	0	0.189586093005499	0.0643564255428121	0.512595226297749	0.111612208828533	0.117193143600222	0	0	0	0	0.0046569027251855
spot_685	0	0	0	0	0.990746614086132	0	0	0	0	0.00925338591386785	0
spot_686	0.0016101713930802	0.00201778306724142	0	0.0362131149897005	0.434623247531658	0.00373353888374284	0	0.521802144134577	0	0	0
spot_687	0	0	0	0	0.887289174100556	0	0	0.00997141121522005	0.102739414684224	0	0
spot_688	0	0	0	0.00564637529697858	0.145084298298732	0	0	0	0.84926932640429	0	0
spot_689	0	0.111933197305424	0.00120860298346959	0	0	0.886858199711106	0	0	0	0	0
spot_690	0	0	0	0	0.00332226694561246	0.992848238470206	0	0	0	0.00382949458418182	0
spot_691	0	0	0	0	0.0077605944396683	0.977974066803492	0	0	0	0.0142653387568402	0
spot_692	0	0	0	0	0	0	0	0	0	1	0
spot_693	0.272141490354528	0.229729489290835	0.373280987442985	0	0.0873689529905877	0.0292362209273785	0	0	0	0	0.0082428589936852
spot_694	0	0	0	0	0	0	0	1	0	0	0
spot_695	0.00161010086852915	0	0	0.000231218366208332	0	0.309684306899147	0	0.688474373866115	0	0	0
spot_696	0	0	0	1	0	0	0	0	0	0	0
spot_697	0	0.0291177655408253	0.00134008889721563	0.015108258063742	0.361755312989074	0.562890588971371	0	0.0264894855727493	0	0.00329849996502264	0
spot_698	0	0.238196328244446	0.270543133891561	0	0	0.491260537863993	0	0	0	0	0
spot_699	0.0162304307275244	0.00239305548410255	0	0	0	0	0	0	0	0.981376513788373	0
spot_700	0	0.551923106186309	0.448076893813691	0	0	0	0	0	0	0	0
spot_701	0.196528822918852	0.104019212142571	0.0226621340855159	0	0	0	0	0.46887788477904	0	0	0.207911946074021
spot_702	0	0.00119641004956473	0.000598671337167576	0	0	0	0.00180236607082401	0.94960715535588	0	0.0467953971865633	0
spot_703	0	0.00016877455981058	0	0	0.966382898224784	0	0	0	0	0.0334483272154052	0
spot_704	0.0134872575433084	0.000195950523572632	0	0	0.162093205034791	0	0	0	0	0.816843888626767	0.00737969827156045
spot_705	0	0	0	0	0	0.998433917293133	0	0	0	0.001566082706867	0
spot_706	0	0	0	0.00490065029751399	0.353433459203387	0.641665890499099	0	0	0	0	0
spot_707	0	0.248904328282464	0.227230450496953	0.0318467138158338	0.46915984925748	0.0228586581472701	0	0	0	0	0
spot_708	0	0.054676544956498	0.172824778023641	0.00393083742972053	0.636389297773562	0.0646680176353022	0.0623938265409945	0.00511669764028193	0	0	0
spot_709	0.00473825498941841	0.335230102202639	0.0499281529154185	0	0	0.610103489892525	0	0	0	0	0
spot_710	0	0.0198417762330261	0.19390095958606	0	0.334433578989803	0.188747662727787	0	0.249895170318239	0	0	0.0131808521450858
spot_711	0	0	0	0	0	0	0	1	0	0	0
spot_712	0	0.016682452678301	0	0	0.0290942308878426	0.954223316433856	0	0	0	0	0
spot_713	0.00423504344433646	0.00405452598808655	0.00202959340136105	0	0	0	0	0.756115591725248	0	0.233565245440968	0
spot_714	0	0	0.00335298702124889	0.9122367675463	0.0396561252443168	0.0447541201881343	0	0	0	0	0
spot_715	0	0	0	4.91619145354843e-05	0.999950838085464	0	0	0	0	0	0
spot_716	0.00549632677654064	0.0284064923803944	0	0.00241374907887396	0.434040406509825	0	0	0.0929463679296384	0.436696657324728	0	0
spot_717	0	0	0	0	0	0.996344035491409	0	0.00365596450859127	0	0	0
spot_718	0	0	0	0	0.118172085467904	0.867200150435147	0	0	0.00646740793058153	0.0081603561663679	0
spot_719	0	0.0203675124180844	0.00293171050973679	0	0	0.641188603776808	0	0	0	0.33551217329537	0
spot_720	0	0.0701919833513924	0.0360314249465819	0	0	0.117594722541288	0	0	0	0	0.776181869160738
spot_721	0	0.665040118544967	0.334959881455033	0	0	0	0	0	0	0	0
spot_722	0.0281804344158003	0.263996067871471	0.0262066434508347	0	0	0.681616854261895	0	0	0	0	0
spot_723	0.00769735335141689	0.0167113296336094	0.00471920572679263	0	0	0	0	0.912105301776541	0	0.0587668095116403	0
spot_724	0	0.000787521498640507	0.000394101982940275	0	0.0256415089450418	0	0	0.973176867573377	0	0	0
spot_725	0	0	0	0.0365326526099759	0.619384277517111	0.139635070569127	0	0	0.204447999303786	0	0
spot_726	0	0	0.0142499819944306	0	0.985750018005569	0	0	0	0	0	0
spot_727	0	0.0598643054836569	0.940135694516343	0	0	0	0	0	0	0	0
spot_728	0.0896281872088513	0.0137336979487552	0	0	0.896638114842394	0	0	0	0	0	0
spot_729	0	0.869866017718404	0.130133982281597	0	0	0	0	0	0	0	0
spot_730	0	0	0	0	0.954261959884866	0.0425648454094719	0	0	0	0.00317319470566191	0
spot_731	0	0.0274252732590896	0	0	0	0	0	0	0	0.97257472674091	0
spot_732	0	0.000560897235246254	0.000280497869085276	0	0.00155166042442558	0	0	0.715206542152551	0	0	0.282400402318692
spot_733	0	0.0128548462698035	0	0	0	0.987145153730196	0	0	0	0	0
spot_734	0.068580828147509	0.00111520593304304	0	0	0.293489231671256	0.62539608580988	0	0	0.0114186484383118	0	0
spot_735	0.0152280630620295	0.00555785583927666	0.0334752372260569	0	0	0.20330638252042	0	0.147277209158637	0	0	0.595155252193579
spot_736	0	0	0	0	1	0	0	0	0	0	0
spot_737	0	0.0696482366882956	0.930351763311705	0	0	0	0	0	0	0	0
spot_738	0	0.0306349781857256	0.0254292221915426	0	0.925731185577961	0.00343793638219919	0	0.00371316578496494	0.0110535118776066	0	0
spot_739	0	0	0	0.915341376422624	0.0846586235773754	0	0	0	0	0	0
spot_740	0.000474412650725644	3.78076615862722e-06	1.8903831205797e-06	0	0	0.999519916199995	0	0	0	0	0
spot_741	0	0	0	1	0	0	0	0	0	0	0
spot_742	0	0	0	0	0	0	0	1	0	0	0
spot_743	0	0.00981362189311498	0.00286724720185681	0	0	0.876199746103731	0	0.00671242716487682	0	0	0.10440695763642
spot_744	0	0	0.00235704319459611	0.0131229781997483	0	0.984519978605656	0	0	0	0	0
spot_745	0.123932642713163	0	0	0	0.000851979092059552	0	0	0.0525574830953638	0	0.631694159654822	0.190963735444592
spot_746	0	0.00400317164457919	0.00294864119523056	0	0	0.993048187160191	0	0	0	0	0
spot_747	0.0352098201712655	0	0	0	0.00342163039624719	0	0	0.961368549432488	0	0	0
spot_748	0	0	0	0	0	1	0	0	0	0	0
spot_749	0.0362656555833515	0.0168481462905547	0	0	0.0812719713841665	0	0	0.142807427321159	0.70990314805883	0.0129036513619378	0
spot_750	0	0.023487337215271	0.101276405583983	0	0.0765807266214965	0.703933265341246	0	0	0	0	0.0947222652380032
spot_751	0.786562072785673	0.17475264737091	0.0386852798434174	0	0	0	0	0	0	0	0
spot_752	0.960376371118074	0.0101240474540248	0.0104813184289734	0	0	0	0	0.0143702408334375	0	0	0.00464802216549066
spot_753	0	0	0	0	0.871365908333411	0	0	0	0.128634091666589	0	0
spot_754	0	0	0	0.0119731111916084	0.0551565124160109	0	0	0.932870376392381	0	0	0
spot_755	0	0	0	0	0	0	0	1	0	0	0
spot_756	0	0.00221188665087542	0.00110867970977331	0	0.00303026086957947	0	0	0.993649172769771	0	0	0
spot_757	0	0	0	0	0.0431752852442475	0.941651696104703	0	0	0.0151730186510498	0	0
spot_758	0	0	0	0	0.305735184243929	0.694264815756071	0	0	0	0	0
spot_759	0	0.00672057330854637	0	0	0.909279543365782	0	0	0.0839998833256716	0	0	0
spot_760	0	0.00802706339525048	0.0125271110635115	0	0.00582430890193243	0	0	0.973621516639305	0	0	0
spot_761	0	0.132780305386409	0.0113543144885164	0	0	0.855865380125075	0	0	0	0	0
spot_762	0.476016461457449	0	0	0	0.523983538542551	0	0	0	0	0	0
spot_763	0.0121423312829454	0.000462229658358696	0	0	0	0.00664887162863206	0	0.92520359077852	0.053099304307984	0.00244367234355933	0
spot_764	0.0274000411972038	0	0	0	0	0	0	0.972599958802796	0	0	0
spot_765	0	0.00595711350705764	0.00172501203080734	0.468013482785718	0	0.524304391676417	0	0	0	0	0
spot_766	0	0.00575478708597746	0.00105847990261242	0	0.48648716068572	0	0	0	0.488015500925921	0.0186840713997684	0
spot_767	0	0.0103806002163147	0.00221511727165937	0	0	0	0	0.987404282512026	0	0	0
spot_768	0	0.00529086567683053	0	0	0	0	0	0	0	0.994709134323169	0
spot_769	0	0	0	0	1	0	0	0	0	0	0
spot_770	0	0	0	0	0	0.999999999999999	0	0	0	0	0
spot_771	0.0161035782148387	0	0	0.790514938637395	0	0	0	0.193381483147766	0	0	0
spot_772	0	0	0	1	0	0	0	0	0	0	0
spot_773	0	0	0	0.0167764325191154	0.556715052297492	0.426508515183392	0	0	0	0	0
spot_774	0	0.00108609750724991	0	0	0	0.0302234102609674	0	0.943236177891354	0	0.025454314340429	0
spot_775	0	0.305348745985707	0.0993530864294442	0	0	0.587895641765753	0	0	0.00740252581909526	0	0
spot_776	0	0.00931167909613928	0	0	0	0.981579200609295	0	0.00910912029456544	0	0	0
spot_777	0	0	0	0	1	0	0	0	0	0	0
spot_778	0	0	0	0	0	0.0555788953445669	0	0	0.944421104655433	0	0
spot_779	0	0.308306037581517	0.0146614891959098	0	0	0.0323425198272222	0	0	0.644689953395351	0	0
spot_780	0	0.054177173800553	0.00403684145455872	0.0323453202464105	0.0711862146644708	0.546500435992355	0	0.165993859921702	0	0	0.12576015391995
spot_781	0	0.0680059558054169	0.931994044194583	0	0	0	0	0	0	0	0
spot_782	0	0	0	0.0104680276564253	0.471415901912998	0	0	0	0.518116070430577	0	0
spot_783	0	0.000373452130822596	0	0	0	0.954612480275341	0	0	0	0	0.0450140675938366
spot_784	0	0.0484713154973147	0.0137841868094017	0	0.169798877005377	0.753466110276671	0	0	0	0	0.0144795104112358
spot_785	0	0	0.0244496050422811	0.00297936868264644	0.972571026275072	0	0	0	0	0	0
spot_786	0	0.530444922038706	0.469555077961294	0	0	0	0	0	0	0	0
spot_787	0	0	0	0	0.0532735145007487	0	0	0.946726485499252	0	0	0
spot_788	0	0	1.96585604282184e-05	0	0.00920573867422806	0	0	0.990774602765344	0	0	0
spot_789	0	0	0	0	0	0	0	0	0	0.999999999999999	0
spot_790	0	0.106454216701345	0.0054468998889711	0	0.000387085208525013	0.885320643791574	0	0	0.00239115440958538	0	0
spot_791	0	0	0.00694093625058517	0	0.978492711072491	0	0	0	0	0.0145663526769232	0
spot_792	0	0	0	1	0	0	0	0	0	0	0
spot_793	0.0194824573286944	0.0222418212854997	0.00227307107997105	0.00869718303362399	0.0307002689578135	0.012758830324012	0.876784546965879	0.0270618210245065	0	0	0
spot_794	0	0	0	0	0	0	0	0	0	1	0
spot_795	0.0070404623479343	0	0.0358617970083075	0	0.00540873292046899	0	0	0.95168900772329	0	0	0
spot_796	0	0.079160574431719	0.0038098384918603	0	0	0.8232849741489	0	0.0402506529758925	0.00266974579094929	0	0.050824214160679
spot_797	0	0.00791969045779091	0.00670520110124423	0.030662370704231	0	0.132813376160731	0	0.821899361576003	0	0	0
spot_798	0	0	0	0	0	1	0	0	0	0	0
spot_799	0	0.00693487096676042	0	0.578914627764883	0.198895187653518	0.198954911302026	0	0.0163004023128118	0	0	0
spot_800	0	0.410379235204185	0.589620764795815	0	0	0	0	0	0	0	0
spot_801	0	0.000555891631284421	0	0	0.110942137547551	0	0	0.888501970821165	0	0	0
spot_802	0	0	0.0146067270249225	0	0.978300643540046	0	0	0	0	0	0.00709262943503131
spot_803	0	0	0	0	1	0	0	0	0	0	0
spot_804	0	0	0	0	0.867377980604068	0	0	0.01607881980087	0.110090259337331	0.00645294025773091	0
spot_805	0	0	0	0	0	0	0	0	0	1	0
spot_806	0	0.0682882004031668	0.0241714690192995	0.0319589535603649	0.797723431356074	0	0.0778579456610944	0	0	0	0
spot_807	0.00120849799525622	0.133773633402923	0	0.0258435872155562	0.231271343350372	0	0.607902938035892	0	0	0	0
spot_808	0	0.0369589000391261	0.00485044378755835	0.500957802726054	0.077124906525315	0.019979882345272	0	0	0.0596465808063722	0.300481483770303	0
spot_809	0.916665269678123	0.0583108813335232	0.00145725206228033	0.0235665969260736	0	0	0	0	0	0	0
spot_810	0	0.00123874186239707	0	0.0293868577879585	0.0908784729753615	0	0	0.856910908170493	0	0.0215850192037902	0
spot_811	0	0.069811575629042	0.335635816294322	0.594552608076636	0	0	0	0	0	0	0
spot_812	0	0	0	0	0	1	0	0	0	0	0
spot_813	0.930300474311218	0.00518007569205082	0.0546667575527152	0	0	0	0	0	0	0	0.00985269244401656
spot_814	0.0524815470919784	0.204220267497627	0.466269148405343	0	0.0516463023081926	0.160968338856862	0	0.0597070748459308	0	0	0.00470732099406587
spot_815	0	0	0	0	0	0	0	0.113441054413437	0	0.886558945586563	0
spot_816	0	0	0	0	1	0	0	0	0	0	0
spot_817	0	0.0111281382960013	0.00447745385708511	0	0.0510385991539639	0.93335580869295	0	0	0	0	0
spot_818	0	0	0.262209084790066	0	0.737790915209934	0	0	0	0	0	0
spot_819	0	0.00598467935309031	0.152872247294848	0	0.0999136585947728	0	0	0	0.713520727912696	0	0.0277086868445923
spot_820	0	0.001073652072507	0.00223551437575773	0	0.292129959827629	0.0758597652668957	0	0	0.0274853866624771	0.601215721794734	0
spot_821	0.0309893342854924	0.0282437883263252	0.131938883417964	0.0107279934663901	0.314465157464861	0.228733289706323	0	0.245325550329227	0	0	0.00957600300341618
spot_822	0	0.00220733683449099	0	0.0224784885784457	0	0	0	0	0	0.687323704623053	0.287990469964011
spot_823	0	0	0	0	0	0.94246030937856	0	0	0	0	0.0575396906214397
spot_824	0	0	0	0	0.014790958778769	0.975753174133493	0	0	0	0.00945586708773791	0
spot_825	0.0074302656974908	0.0403309416141501	0.0391840082567953	0	0	0.909322460204602	0	0	0.00373232422696125	0	0
spot_826	0	0.243124106946138	0.0994983518238593	0	0.110808640534109	0.50545795783778	0	0	0	0	0.0411109428581143
spot_827	0.000610851168240363	0.467434781555438	0.338237940892812	0.0437278469394429	0	0	0	0	0.0878719442313314	0.0621166352127357	0
spot_828	0.0100217780584708	0.0083451481713852	0.00199551149525028	0	0	0	0	0.979637562274894	0	0	0
spot_829	0.0248395125015522	0	0	0.000325840232958237	0	0	0	0.170873711120311	0	0.801438569717085	0.00252236642809399
spot_830	0	0	0	0	0.0309804399022635	0.0467645539926777	0	0	0.922255006105059	0	0
spot_831	0	0	0	0	1	0	0	0	0	0	0
spot_832	0.0013047318792437	0	0	0.0147541168635718	0	0.980342903421301	0	0	0	0	0.00359824783588395
spot_833	0	0.27530810340832	0.72469189659168	0	0	0	0	0	0	0	0
spot_834	0	0.101257959514477	0.0654239884016705	0	0.648979300807092	0.183271320333747	0	0.00106743094301378	0	0	0
spot_835	0	0	0	0	0.979452434735793	0.0205475652642072	0	0	0	0	0
spot_836	0.00759012028371654	0.0956877366044125	0.510023549966409	0	0.162241151357787	0.0725187737551641	0	0.123068590570452	0	0	0.0288700774620592
spot_837	0	0.224969511214109	0.775030488785891	0	0	0	0	0	0	0	0
spot_838	0	0	0	0	0.998892951531654	0	0	0	0	0.00110704846834544	0
spot_839	0	0	0	0	0	1	0	0	0	0	0
spot_840	0	0.103969811675302	0.00143479490347351	0	0	0.89379896585035	0	0	0.000796427570875155	0	0
spot_841	0.0439673592803712	0.00929697839807328	0.00987990674283914	0.00810701984064139	0	0	0.893578692250859	0.0351700434872158	0	0	0
spot_842	0.0790518960651917	0.302518297355114	0.283943212364369	0	0.334486594215325	0	0	0	0	0	0
spot_843	0	0.00126504129951205	0.000967000668033425	0.834838815937406	0.131459167423494	0.0294668981426679	0	0	0.002003076528886	0	0
spot_844	0	0	0.0155771303274235	0.912572681978824	0	0.0718501876937528	0	0	0	0	0
spot_845	0	0.0496640449986047	0.859870858962599	0	0	0	0	0	0	0	0.0904650960387965
spot_846	0	0.804231464831223	0.123181193639939	0	0	0.072587341528839	0	0	0	0	0
spot_847	0	0.00491810009786856	0.00766654509461758	0	0.414185128128864	0	0	0.150551299937982	0	0.422678926740668	0
spot_848	0	0.165045643282584	0.541200381975705	0	0	0	0	0	0	0.0196734618479516	0.274080512893759
spot_849	0	0.0147099684220793	0	0	0	0	0	0	0	0.985290031577921	0
spot_850	0	0.79760380890083	0.202396191099169	0	0	0	0	0	0	0	0
spot_851	0	0.0417871709833803	0.00835241772322984	0	0	0.92132447410671	0	0	0	0.0285359371866803	0
spot_852	0.0591669638305222	0.00478036698990934	0	0	0	0.510206530165834	0	0.425846139013734	0	0	0
spot_853	0	0.222257301075357	0.777742698924643	0	0	0	0	0	0	0	0
spot_854	0	0.0221726901777463	0	0	0	0.0196242729487729	0	0	0	0.958203036873481	0
spot_855	0	0.447432983982501	0.18948420438238	0	0	0	0	0.32891227328932	0	0	0.0341705383457991
spot_856	0	0	0	0	0	0	0	1	0	0	0
spot_857	0	0.0932137659886059	0.0612734024092493	0	0.845512831602145	0	0	0	0	0	0
spot_858	0	0.000984807886474822	0	0	0	0.999015192113525	0	0	0	0	0
spot_859	0	0	0	0.00200631600162147	0.997993683998379	0	0	0	0	0	0
spot_860	0	0.499121805511289	0.497464840847812	0	0	0	0	0.0034133536408993	0	0	0
spot_861	0.00935412777936433	0.0136591815634189	0.000163314537243482	0	0.810693395926336	0	0	0	0	0.166129980193637	0
spot_862	0	0.168444273571199	0.113446682821993	0	0	0.718109043606807	0	0	0	0	0
spot_863	0	0.0069374824271625	0.000942031090185574	0.979005009028778	0.00326563365623738	0	0	0	0	0.00984984379763696	0
spot_864	0	0	0	0.909578876700313	0.00121786308854678	0.0892032602111395	0	0	0	0	0
spot_865	0.0966293970885076	0.0247317855041882	0.00675649904291795	0.30917410231851	0	0	0	0.562708216045876	0	0	0
spot_866	0	0	0	0	0	1	0	0	0	0	0
spot_867	0	0	0	0	1	0	0	0	0	0	0
spot_868	0	0.606076932947447	0.393923067052553	0	0	0	0	0	0	0	0
spot_869	0	0	0	0	0	1	0	0	0	0	0
spot_870	0	0.266605444406783	0.733394555593217	0	0	0	0	0	0	0	0
spot_871	0	0.00959005262424661	0.00123855160346429	0.00685697703437467	0	0.153709783270627	0	0	0	0.828604635467287	0
spot_872	0	0	0	0.999206428078373	0	0.000793571921627685	0	0	0	0	0
spot_873	0	0.670846894331322	0.329153105668678	0	0	0	0	0	0	0	0
spot_874	0	0.722543027726525	0.277456972273475	0	0	0	0	0	0	0	0
spot_875	0.420042750165773	0.051073131265287	0.124304185109311	0	0.0606201621033766	0.338061828453955	0	0	0	0	0.00589794290229755
spot_876	0	0	0	0	0.755153190902701	0.243501755666658	0	0.00134505343064085	0	0	0
spot_877	0	0.492741119557465	0.287497916327346	0.0308730816330962	0.0225671268124196	0.133032071702382	0	0	0	0	0.0332886839672916
spot_878	0	0	0	1	0	0	0	0	0	0	0
spot_879	0	0	0	0.000414509403972787	0	0	0	0.999585490596027	0	0	0
spot_880	0	0.129335542252707	0	0	0	0	0	0	0	0.870664457747293	0
spot_881	0	0.0327966152932704	0.182054028674222	0.200710099727526	0	0	0	0	0.546431379767235	0.0247352005479683	0.0132726759897787
spot_882	0	0	0	0	0	1	0	0	0	0	0
spot_883	0.00211811582365318	0.0203352198581733	0.0222872449484068	0	0.142327115427577	0	0	0.81293230394219	0	0	0
spot_884	0	0.203579735956889	0.268959406524356	0.450744281820511	0	0	0	0.0767165756982443	0	0	0
spot_885	0	0	0	0	0.013752602419541	0.986247397580459	0	0	0	0	0
spot_886	0	0.00458575157250755	0.00803364060358819	0.00298865829496284	0	0.984391949528941	0	0	0	0	0
spot_887	0	0.734885649200993	0.265114350799007	0	0	0	0	0	0	0	0
spot_888	0	0	0	0.481415134890678	0.518584865109321	0	0	0	0	0	0
spot_889	0	0	0	0	0	1	0	0	0	0	0
spot_890	0	0	0	0	0	1	0	0	0	0	0
spot_891	0	0.0038103818003488	0.000298701331405346	0	0	0.0315673378110072	0	0	0	0.0189406938460111	0.945382885211228
spot_892	0	0	0	0	0	1	0	0	0	0	0
spot_893	0	0	0	0.992080450899654	0.00791954910034602	0	0	0	0	0	0
spot_894	0.0136063384247927	0.029881544198469	0.0598632260684669	0	0	0.896648891308272	0	0	0	0	0
spot_895	0	0	0	0.752774256362701	0.247225743637299	0	0	0	0	0	0
spot_896	0	0.136911169119814	0.303697354577462	0	0	0.556526935765156	0	0	0	0.00286454053756884	0
spot_897	0.806688749493231	0.0755012118841049	0.0634317754243625	0	0.0543782631983016	0	0	0	0	0	0
spot_898	0	0	0	0	0	0.0365328525142444	0	0.680433587832625	0	0	0.283033559653131
spot_899	0	0	0	0.859288671115627	0.0922425657216986	0.0484687631626739	0	0	0	0	0
spot_900	0.0301258065896611	0.0012106137606721	0	0	0	0	0	0.0399257169914238	0	0.418323820546584	0.510414042111659
spot_901	0	0.130355295537247	0.109491813969995	0	0	0	0	0.760152890492758	0	0	0
spot_902	0	0.0108305680044816	0	0	0	0.986950369540478	0	0	0	0	0.00221906245504023
spot_903	0	0	0	0.606284644825979	0.359639607928531	0.0340757472454898	0	0	0	0	0
spot_904	0	0.231651420023385	0.431322304205977	0	0	0.337026275770638	0	0	0	0	0
spot_905	0	0	0	0	0	0.999999999999999	0	0	0	0	0
spot_906	0	0.0100368382543547	0.989963161745646	0	0	0	0	0	0	0	0
spot_907	0	0	0	0	0.328382704580713	0	0	0	0.671617295419287	0	0
spot_908	0	0.90362926439523	0.0963707356047697	0	0	0	0	0	0	0	0
spot_909	0	0.0213418448333057	0.00215460673745049	0	0	0.959245996481506	0	0	0	0	0.0172575519477381
spot_910	0	0.00855030619881701	0	0	0.654199094236785	0.337250599564399	0	0	0	0	0
spot_911	0	0.225443363089274	0.329032018981561	0	0	0.445524617929165	0	0	0	0	0
spot_912	0	0	0.0129838083761136	0	0.86098170195387	0.0952821451721654	0	0	0	0	0.0307523444978515
spot_913	0	0	0	0	1	0	0	0	0	0	0
spot_914	0	0.0226668848715428	0.000666057791086351	0	0.00194158758759938	0.877831943637634	0	0.0758617078857673	0	0.0210318182263702	0
spot_915	0	0.138390560833896	0.0727716033273844	0	0	0.0515339192709063	0	0.737303916567813	0	0	0
spot_916	0.00493219332413673	0.016132940260427	0.00340146191614447	0	0	0.975533404499292	0	0	0	0	0
spot_917	0.00195953149262813	0	0	0	0	0.316910023545377	0	0.681130444961995	0	0	0
spot_918	0	0	0	0	0.0183566525931984	0.981643347406801	0	0	0	0	0
spot_919	0	0.0972789009446484	0	0.537667539969114	0	0.284992653068908	0	0	0.0800609060173302	0	0
spot_920	0	0.192748988739668	0.0762344004824045	0	0	0.731016610777928	0	0	0	0	0
spot_921	0	0.00388229462577396	0.0116187171315109	0.00670423124426191	0.069149859738075	0.368380128439882	0	0.517790860028837	0	0.0216108468604821	0.000863061931177469
spot_922	0	0	0	0	0.900287253734904	0.0997127462650956	0	0	0	0	0
spot_923	0	0.0279898896089257	0.00516818993043414	0	0	0.59404323473547	0.37279868572517	0	0	0	0
spot_924	0	0.342468240812301	0.657531759187699	0	0	0	0	0	0	0	0
spot_925	0	0.198986318149725	0.801013681850276	0	0	0	0	0	0	0	0
spot_926	0	0	0	0	1	0	0	0	0	0	0
spot_927	0	0.00258884487042054	0.00849748675355991	0	0.0173720665891973	0.406616802682283	0	0.541853341031498	0	0.0230714580730416	0
spot_928	0	0	0	0	1	0	0	0	0	0	0
spot_929	0	0.00948043008479202	0.00179576411039779	0.975017547483538	0.000417952722009376	7.90364050217845e-05	0	0	0	0.0132092691942414	0
spot_930	0	0.00533439185028778	0	0.00847565526627293	0.00441130064126443	0.0330576350125215	0	0	0.948721017229653	0	0
spot_931	0	0	0	0	0	0	0.000899490797461224	0.999100509202539	0	0	0
spot_932	0	0.0415036267459392	0	0	0	0.944918952601185	0	0	0	0.0135774206528755	0
spot_933	0	0	0	1	0	0	0	0	0	0	0
spot_934	0	0.0427161402411481	0.0340209272008794	0	0.728551783693435	0.11703333085018	0	0	0.0686222734227675	0	0.00905554459158971
spot_935	0	0	0	0	0	1	0	0	0	0	0
spot_936	0	0	0	0	1	0	0	0	0	0	0
spot_937	0	0.594415589508656	0.405584410491344	0	0	0	0	0	0	0	0
spot_938	0	0.0807598209158735	0.0842293718033313	0	0.52744635826799	0.290134899312988	0	0.0159605159573609	0	0	0.00146903374245584
spot_939	0	0.143966068284601	0.0242191625560219	0	0	0.831814769159376	0	0	0	0	0
spot_940	0	0	0	0.97853242011515	0.0214675798848498	0	0	0	0	0	0
spot_941	0	0.0203571533313872	0.00289614243918331	0	0	0.969951853375769	0	0	0	0.00679485085366005	0
spot_942	0	0	0	1	0	0	0	0	0	0	0
spot_943	0	0.0430751297745419	0.00445030692653668	0	0.0865948573416656	0.275655535156867	0	0	0	0.590224170800388	0
spot_944	0.254307060322632	0.0320033316696138	0.00364228350379421	0	0	0.71004732450396	0	0	0	0	0
spot_945	0.260085225358928	0.134814203013483	0.116806217239933	0	0.488294354387656	0	0	0	0	0	0
spot_946	0	0.011915069082295	0	0	0	0.175465952069003	0	0.812618978848702	0	0	0
spot_947	0.125711365423743	0.286012533787153	0.435671580558481	0	0.152604520230623	0	0	0	0	0	0
spot_948	0	0.000352523062594448	6.61758948895264e-05	0	0.233500137961796	0.732994134793687	0	0.0330870282870329	0	0	0
spot_949	0.0513362586550682	0	0	0	0	0	0	0.948663741344932	0	0	0
spot_950	0	0.0115327645126012	0	0	0.169911338897461	0.764053028931832	0	0	0	0	0.0545028676581059
spot_951	0	0.0742383584029049	0.0507635854799865	0	0.189554404194277	0.685443651922832	0	0	0	0	0
spot_952	0	0.437729254128267	0.562270745871733	0	0	0	0	0	0	0	0
spot_953	0	0	0	0	0	1	0	0	0	0	0
spot_954	0	0.292909120036499	0.707090879963501	0	0	0	0	0	0	0	0
spot_955	0	0	0	0	0.666632072100405	0.176775598358433	0	0	0.033656748763005	0.122935580778157	0
spot_956	0	0.0591402927448118	0.0330795473664816	0	0.156147676020757	0.745711305202936	0	0.00592117866501396	0	0	0
spot_957	0	0.198819481663662	0.415447605817532	0	0.133713101807517	0.234717003067253	0	0.0161283774315754	0	0	0.00117443021246059
spot_958	0	0	0	0	0.961997295858808	0.0380027041411928	0	0	0	0	0
spot_959	0	0.0958290501499607	0.00611738287376951	0	0	0.897900979857767	0	0	0.000152587118503666	0	0
spot_960	0	0.110111057885515	0.0114799287651332	0	0	0	0	0	0	0.873724866538161	0.00468414681119063
spot_961	0	0.00202183385147031	0	0	0.242400444230883	0	0	0.755577721917646	0	0	0
spot_962	0	0	0	0	0.13476611598	0.748300425716147	0	0	0.116933458303853	0	0
spot_963	0	0.0274034605248294	0.00916927897657404	0	0.596975657355093	0.366451603143504	0	0	0	0	0
spot_964	0	0	0	0.786173723693534	0	0.213826276306466	0	0	0	0	0
spot_965	0	0.00487596320897212	0	0	0	0	0	0	0	0.995124036791028	0
spot_966	0	0.000973537601300712	0	0.00808003476071886	0.99094642763798	0	0	0	0	0	0
spot_967	0.0312296513561684	0.0126057767596226	0.00132989266076801	0	0.0335894430191445	0.764715063961256	0	0.146185718188277	0	0.0103444540547645	0
spot_968	0	0.104308359040977	0.770541011291522	0	0	0.0173440902258988	0	0.060810323356037	0	0	0.0469962160855645
spot_969	0	0.0243850930424781	0	0	0.350082438467337	0.625532468490185	0	0	0	0	0
spot_970	0	5.26499374633534e-05	0	0	0.996912276680889	0	0	0	0.00303507338164741	0	0
spot_971	0	0.543167850041747	0.456832149958253	0	0	0	0	0	0	0	0
spot_972	0	0	0	0	0.0938059512464269	0	0	0.808178662935364	0.0980153858182091	0	0
spot_973	0.879711036745226	0.0879100467482412	0.0323789165065329	0	0	0	0	0	0	0	0
spot_974	0	0	0	0	0	0	0	1	0	0	0
spot_975	0	0	0	0	0	0	0	1	0	0	0
spot_976	0	0	0	0	0.962003421181326	0	0	0	0.0371312616708978	0.000865317147776584	0
spot_977	0	0	0	0	1	0	0	0	0	0	0
spot_978	0.0391463812755747	0.018571942558235	0.123887052914473	0	0.265421012562989	0	0	0.552542783032345	0	0	0.00043082765638343
spot_979	0	0	0	0	0	0.999999999999999	0	0	0	0	0
spot_980	0	0.0919759650521859	0.0359507612913118	0	0	0.404087939420635	0.467985334235867	0	0	0	0
spot_981	0	0.104714169455578	0.8815501226095	0	0	0	0	0	0	0	0.013735707934922
spot_982	0	0.00127485548239504	0.0178526291848733	0.00799648421805876	0.0539747249515812	0.0157225273452417	0	0.878820926570102	0.0230240086836191	0	0.00133384356412861
spot_983	0.110571289540248	0	0	0	0	0	0	0.521019767007927	0	0.320860732687507	0.0475482107643186
spot_984	0	0.013342066564719	0	0	0.0267954039777508	0.908234713673557	0	0	0	0	0.0516278157839736
spot_985	0	0	0	0	0.999999999999999	0	0	0	0	0	0
spot_986	0.0227609287610128	0.0424079513634237	0.512376310802345	0	0.117630861179779	0	0	0.303467329780463	0	0.00135661811297733	0
spot_987	0.259657120918465	0.0214998573809953	0.0187436301443941	0	0.601138524773634	0	0	0	0.0962053863535822	0.00275548042892977	0
spot_988	0	0.0915574429338443	0.0068339508958548	0.000808548680917232	0.207440059531448	0	0	0.422675621235725	0.270684376722211	0	0
spot_989	0.271814994127936	0.283598700435007	0.444586305437057	0	0	0	0	0	0	0	0
spot_990	0	0.0187587308542155	0.00198464007479878	0	0	0.736100338515651	0	0	0.243156290555335	0	0
spot_991	0	0	0	0.356270250389005	0.170881866787534	0.472847882823461	0	0	0	0	0
spot_992	0.00501968240130999	0.00155021662838505	0	0	0.0199794123589242	0.748506205875759	0	0.159115917872891	0	0.0658285648627313	0
spot_993	0	0.0047675177796755	0.106977547306916	0	0.888254934913408	0	0	0	0	0	0
spot_994	0	0	0	0	0	1	0	0	0	0	0
spot_995	0	0.0709285703597955	0.00171442065723128	0	0.874195024889886	0.0531619840930872	0	0	0	0	0
spot_996	0	0.0221032383204288	0	0	0.0153793035801278	0.962517458099444	0	0	0	0	0
spot_997	0	0.0187359936914827	0.00484418865745712	0	0	0	0	0.97641981765106	0	0	0
spot_998	0.00301254278199523	0.000995789014109608	0.000697992842988102	0.058893124262072	0	0.76024685132181	0	0.176153699777025	0	0	0
spot_999	0	0	0	0	0	0	0	0.999999999999999	0	0	0
spot_1000	0.0903109980011841	0.0156706736803972	0.000668566722376921	0	0.643077483873104	0	0	0	0.250272277722938	0	0
