	B	CD4Tconv	CD8Tex	Endothelial	Fibroblasts	Malignant	Mast	Mono/Macro	Myofibroblasts	Plasma	Tprolif
0	7.267384498502175e-05	6.154225195441233e-05	1.5534049672254497e-05	7.888608774257712e-06	8.215060658503746e-06	0.00010497937624999427	0.002969731209942928	2.264490824911678e-05	1.8736041020172446e-05	0.017575321355382326	0.0009022153275652548
1	0.020995873011156053	0.09312194148917181	0.04499660553968403	0.009299463899590327	0.007352211049815365	0.01275153070860846	0.015303298879701357	0.01253986257637897	0.005160095349766423	0.014995693170988878	0.0065460605860761046
2	0.0047522498857682964	0.0015349699352261515	0.0009202153253177676	0.0003049471390677646	0.00048759289426282505	0.001422950390838071	0.0005720027478841635	0.000500114063511007	0.0006697909424249356	0.6244458067253955	0.036945258628242134
3	4.321214585722267e-05	2.0279128079600308e-05	0.0	0.00014916434662723144	2.6297389020335265e-05	5.426803133451104e-06	0.0	3.95779950957169e-05	1.1601251016997691e-05	0.05791225939678957	0.001184792034607032
4	0.0053688250680002155	0.012026660700661707	0.008732153694045846	0.0507472743508774	0.037467069770996925	0.24284902168457512	0.016975094274832653	0.015315446967743278	0.04092190118381593	0.00915865980760666	0.007216992861266886
5	0.11634194342652611	0.006015861560191563	0.004860065345150782	0.0023570737363776137	0.0007820997114749068	0.0010455393032658068	0.00587874961587099	0.0033958105840519713	0.001038320202466327	0.006888975111474131	0.009946693069814296
6	0.6893486981763952	0.004338006928358599	0.002678765267192537	0.0016627100728500903	0.0005635947863792003	0.0008938263002937822	0.0028507391563974893	0.0024681115672259665	0.0008239395412727721	0.006836703096076152	0.009936481497986486
7	4.538132698047541e-05	2.758890921283435e-05	0.0	0.0	0.0	0.0	0.0	0.0	0.0	0.01033947307420793	8.260317439778467e-05
8	0.0010976867514982415	0.002240854654611189	0.0013746544343917763	0.00024656415930813575	0.0010060280608824835	0.0003282206330787815	0.0012682107950632389	0.0003832124862106936	0.002740388331969954	0.008668871927818116	0.0004642991565363238
9	0.000274536799124872	0.0013254224354990894	0.00045732450996999587	0.002101089896117373	0.11757535588924496	0.001679357783647259	0.0005159042116541129	0.0005735737569422195	0.17224919279174297	0.0010949780018141768	0.0039427642508197145
10	0.0005687159659844574	0.003422696072786947	0.0009311407124065903	0.0032604072072537115	0.5553844666842843	0.0130361050506116	0.001992139323399617	0.0021197853518569727	0.016148673573536193	0.001728268670669514	0.004868546980415726
11	0.012948068519097609	0.05874947922243586	0.15225748638820635	0.012538734870501842	0.0051819155671779865	0.021828496084509055	0.016689546881959987	0.025386505981571557	0.009405886473239592	0.012041648461255433	0.7945431664530258
12	0.0007103374222383659	0.0014821864200326848	0.0006762681202164923	0.006651977339977497	0.005180631153806658	0.010512693571350411	0.00032457107534775365	0.0007227373137131358	0.6467968317088466	0.00024317824110994254	0.003958664122927055
13	0.0007278795888451717	0.0012149786503279267	0.000302955762359613	0.004445073899242471	0.10962628996178676	0.031877044250475425	0.0005120957184296388	0.000959696739457512	0.0127442227783896	0.0006521056711718042	0.00025572004285030596
14	0.0088374677747532	0.1983501209116222	0.4542616927933867	0.007159758009463637	0.0026554446353774922	0.003252952674647995	0.019040607497669185	0.007523929536122787	0.004353122259499955	0.012514038595700465	0.05515222104217452
15	0.0010678029438830393	0.0031750308241735303	0.0013143543513402438	0.004785242429046282	0.001704243953623583	0.43421745415708246	0.001336433171079709	0.0018036850480038964	0.002539642921510295	0.0005558972284788538	0.000683489635809977
16	0.08905985358818802	0.0029585731682630918	0.0026297460677991383	0.001451355806898837	0.0009035651817272083	0.0015027303503869016	0.007900408818744696	0.02245320664440984	0.0006438946142495928	0.0019052182698051923	0.00500364431567239
17	0.0012275740809940955	0.0020118796610903702	0.0009358383682153828	0.7511231786152541	0.0021719515270558353	0.004549962752655415	0.0005720901861786843	0.0016473854440405514	0.002048412687389231	0.0013998153382253245	0.0017422976212973676
18	0.00036780776427410006	0.0010129794446878582	0.0005974137447896363	0.05208355578385289	0.0007397013354925434	0.000977317609287428	0.00011334554507182194	0.0020228747848088616	0.0020438935763868395	0.00018277745213954015	0.00035216502517405966
19	0.0018985016054859762	0.000499621592629309	0.0001478183509890638	9.08791579514193e-05	0.0001854815242221571	0.0002669259274178803	4.228468697804671e-05	0.00020402802995137242	0.0020396775708570922	0.17129301356116625	0.00220778901025318
20	0.0009581859667764575	0.002372833792518742	0.001049029260827883	0.0074728736067351245	0.12811262438730023	0.0019333992915933878	0.0016220392917211239	0.001737657613960203	0.03493710131085706	0.0005140377252895248	0.0006310710428833738
21	0.000744228595988704	0.0011910529142525668	0.0006415948971902248	0.034380207533836894	0.0029800743587557236	0.006681415140513399	0.0006430291355802463	0.0010324519883657091	0.021816875549341773	0.0006564690272727145	0.00042514278019747037
22	0.0022448099112751703	0.002177365897261581	0.00199223805761265	0.0011061006953327769	0.0011929151866614846	0.0027327895486603283	0.8088498126027676	0.0011355380116972293	0.0007212206582681313	0.0003356918567058707	0.0017950458378855432
23	0.0014364483063642503	0.005480997700897882	0.0017763660910766915	0.003670025308103485	0.0020067149503889144	0.18587759234023765	0.002785394174548296	0.00432123602672437	0.0023807999492472575	0.004771867437459846	0.016723558617134888
24	0.023496648657917448	0.5848489619784101	0.30656958748485147	0.02682998484200884	0.005549693387133357	0.007855160177328976	0.03975659591647295	0.010230192696999468	0.009047961928559549	0.024035750965821317	0.01967273142419002
25	0.004655824843882072	0.0034769395798284193	0.002619541702648934	0.00466756591494779	0.004428756310553187	0.004672223399501462	0.023002731029230814	0.7621072559904135	0.001935974616690127	0.002903680751844133	0.002444319160173783
26	0.004397812641391788	0.0024215080249689524	0.0024875987858446764	0.004874544159525289	0.0005392296877139113	0.0007904360530911877	0.020875099708254522	0.11286916607059538	0.00019483150234855947	0.001153556054976757	0.0067854643649376285
